6000.000000	11.290359 
5998.000000	11.301040 
5996.000000	11.307144 
5994.000000	11.321258 
5992.000000	11.344146 
5990.000000	11.367034 
5988.000000	11.381912 
5986.000000	11.388015 
5984.000000	11.407852 
5982.000000	11.425399 
5980.000000	11.436080 
5978.000000	11.458587 
5976.000000	11.482238 
5974.000000	11.496353 
5972.000000	11.505126 
5970.000000	11.518478 
5968.000000	11.532211 
5966.000000	11.547088 
5964.000000	11.565780 
5962.000000	11.586380 
5960.000000	11.595916 
5958.000000	11.612701 
5956.000000	11.622238 
5954.000000	11.627960 
5952.000000	11.636734 
5950.000000	11.657714 
5948.000000	11.681365 
5946.000000	11.691284 
5944.000000	11.703491 
5942.000000	11.721038 
5940.000000	11.734390 
5938.000000	11.758041 
5936.000000	11.782073 
5934.000000	11.795806 
5932.000000	11.803817 
5930.000000	11.816787 
5928.000000	11.827850 
5926.000000	11.834335 
5924.000000	11.839675 
5922.000000	11.856842 
5920.000000	11.875534 
5918.000000	11.888122 
5916.000000	11.907196 
5914.000000	11.926269 
5912.000000	11.944198 
5910.000000	11.955642 
5908.000000	11.967849 
5906.000000	11.986160 
5904.000000	11.998367 
5902.000000	12.008666 
5900.000000	12.023925 
5898.000000	12.041473 
5896.000000	12.060165 
5894.000000	12.070083 
5892.000000	12.080001 
5890.000000	12.092590 
5888.000000	12.109375 
5886.000000	12.129211 
5884.000000	12.148666 
5882.000000	12.159347 
5880.000000	12.166213 
5878.000000	12.173843 
5876.000000	12.186431 
5874.000000	12.203979 
5872.000000	12.221527 
5870.000000	12.232208 
5868.000000	12.245178 
5866.000000	12.261962 
5864.000000	12.270736 
5862.000000	12.286376 
5860.000000	12.307739 
5858.000000	12.320709 
5856.000000	12.332153 
5854.000000	12.350082 
5852.000000	12.361145 
5850.000000	12.377548 
5848.000000	12.395477 
5846.000000	12.418746 
5844.000000	12.435150 
5842.000000	12.438964 
5840.000000	12.452316 
5838.000000	12.475585 
5836.000000	12.481689 
5834.000000	12.493133 
5832.000000	12.514114 
5830.000000	12.543869 
5828.000000	12.565994 
5826.000000	12.580108 
5824.000000	12.590026 
5822.000000	12.602996 
5820.000000	12.619400 
5818.000000	12.631225 
5816.000000	12.645721 
5814.000000	12.662506 
5812.000000	12.674331 
5810.000000	12.688446 
5808.000000	12.705993 
5806.000000	12.722396 
5804.000000	12.734222 
5802.000000	12.734603 
5800.000000	12.742233 
5798.000000	12.756729 
5796.000000	12.779998 
5794.000000	12.809753 
5792.000000	12.830352 
5790.000000	12.841033 
5788.000000	12.847137 
5786.000000	12.856674 
5784.000000	12.869262 
5782.000000	12.879180 
5780.000000	12.891387 
5778.000000	12.909698 
5776.000000	12.935256 
5774.000000	12.957382 
5772.000000	12.965011 
5770.000000	12.968444 
5768.000000	12.985992 
5766.000000	13.003158 
5764.000000	13.014602 
5762.000000	13.033676 
5760.000000	13.050842 
5758.000000	13.067245 
5756.000000	13.085556 
5754.000000	13.102722 
5752.000000	13.122940 
5750.000000	13.138580 
5748.000000	13.146591 
5746.000000	13.157272 
5744.000000	13.169860 
5742.000000	13.187026 
5740.000000	13.201141 
5738.000000	13.211059 
5736.000000	13.222885 
5734.000000	13.251113 
5732.000000	13.265991 
5730.000000	13.270568 
5728.000000	13.283920 
5726.000000	13.299179 
5724.000000	13.309860 
5722.000000	13.321304 
5720.000000	13.343429 
5718.000000	13.374328 
5716.000000	13.388061 
5714.000000	13.391113 
5712.000000	13.402175 
5710.000000	13.418579 
5708.000000	13.433456 
5706.000000	13.450622 
5704.000000	13.475036 
5702.000000	13.497161 
5700.000000	13.508605 
5698.000000	13.512039 
5696.000000	13.520812 
5694.000000	13.539505 
5692.000000	13.555145 
5690.000000	13.571166 
5688.000000	13.594436 
5686.000000	13.605880 
5684.000000	13.617324 
5682.000000	13.632965 
5680.000000	13.655471 
5678.000000	13.678741 
5676.000000	13.689041 
5674.000000	13.699340 
5672.000000	13.718032 
5670.000000	13.739776 
5668.000000	13.756179 
5666.000000	13.766479 
5664.000000	13.763046 
5662.000000	13.770675 
5660.000000	13.803863 
5658.000000	13.834381 
5656.000000	13.846969 
5654.000000	13.854980 
5652.000000	13.874053 
5650.000000	13.892364 
5648.000000	13.903045 
5646.000000	13.915634 
5644.000000	13.931655 
5642.000000	13.947677 
5640.000000	13.961029 
5638.000000	13.975524 
5636.000000	13.986968 
5634.000000	14.004898 
5632.000000	14.025115 
5630.000000	14.048385 
5628.000000	14.068222 
5626.000000	14.086914 
5624.000000	14.093399 
5622.000000	14.104080 
5620.000000	14.130401 
5618.000000	14.152145 
5616.000000	14.152145 
5614.000000	14.162445 
5612.000000	14.184570 
5610.000000	14.208984 
5608.000000	14.226913 
5606.000000	14.234161 
5604.000000	14.233779 
5602.000000	14.241027 
5600.000000	14.261627 
5598.000000	14.280700 
5596.000000	14.297866 
5594.000000	14.331817 
5592.000000	14.366149 
5590.000000	14.386367 
5588.000000	14.400100 
5586.000000	14.414215 
5584.000000	14.424896 
5582.000000	14.424514 
5580.000000	14.433670 
5578.000000	14.449310 
5576.000000	14.454650 
5574.000000	14.471817 
5572.000000	14.489364 
5570.000000	14.493560 
5568.000000	14.503097 
5566.000000	14.505386 
5564.000000	14.530181 
5562.000000	14.569091 
5560.000000	14.601898 
5558.000000	14.600753 
5556.000000	14.552688 
5554.000000	14.485931 
5552.000000	14.467620 
5550.000000	14.490509 
5548.000000	14.529418 
5546.000000	14.591217 
5544.000000	14.654159 
5542.000000	14.710998 
5540.000000	14.682388 
5538.000000	14.562225 
5536.000000	14.522171 
5534.000000	14.590454 
5532.000000	14.679718 
5530.000000	14.740371 
5528.000000	14.792633 
5526.000000	14.804840 
5524.000000	14.687728 
5522.000000	14.606475 
5520.000000	14.625167 
5518.000000	14.595031 
5516.000000	14.634704 
5514.000000	14.789581 
5512.000000	14.849090 
5510.000000	14.640426 
5508.000000	14.430999 
5506.000000	14.497375 
5504.000000	14.673233 
5502.000000	14.801406 
5500.000000	14.828491 
5498.000000	14.863204 
5496.000000	14.588165 
5494.000000	14.046859 
5492.000000	13.871002 
5490.000000	13.967514 
5488.000000	14.221572 
5486.000000	14.656829 
5484.000000	15.018844 
5482.000000	15.213775 
5480.000000	15.210723 
5478.000000	14.604949 
5476.000000	13.938522 
5474.000000	14.146041 
5472.000000	14.576339 
5470.000000	14.611816 
5468.000000	14.549636 
5466.000000	14.535903 
5464.000000	14.393234 
5462.000000	14.169311 
5460.000000	14.300918 
5458.000000	14.559936 
5456.000000	14.822006 
5454.000000	15.098190 
5452.000000	14.970016 
5450.000000	14.543914 
5448.000000	14.079284 
5446.000000	13.760375 
5444.000000	13.674926 
5442.000000	13.641357 
5440.000000	14.132308 
5438.000000	14.445877 
5436.000000	14.169692 
5434.000000	14.202880 
5432.000000	14.127731 
5430.000000	13.664245 
5428.000000	13.844680 
5426.000000	14.579010 
5424.000000	15.190505 
5422.000000	15.577316 
5420.000000	15.761566 
5418.000000	15.545654 
5416.000000	14.619064 
5414.000000	13.677597 
5412.000000	13.300704 
5410.000000	13.647079 
5408.000000	14.508438 
5406.000000	15.104293 
5404.000000	15.415191 
5402.000000	15.690231 
5400.000000	15.732574 
5398.000000	15.299987 
5396.000000	14.601898 
5394.000000	14.316940 
5392.000000	14.878082 
5390.000000	15.401458 
5388.000000	15.174484 
5386.000000	14.813995 
5384.000000	15.093231 
5382.000000	15.594482 
5380.000000	15.489959 
5378.000000	14.746093 
5376.000000	14.418792 
5374.000000	14.884948 
5372.000000	15.595245 
5370.000000	16.053771 
5368.000000	16.152572 
5366.000000	15.903854 
5364.000000	15.699005 
5362.000000	15.871047 
5360.000000	16.162109 
5358.000000	16.115188 
5356.000000	15.237808 
5354.000000	14.398193 
5352.000000	14.553451 
5350.000000	14.900970 
5348.000000	14.762496 
5346.000000	13.998413 
5344.000000	13.927459 
5342.000000	14.417648 
5340.000000	14.070510 
5338.000000	13.902282 
5336.000000	14.586257 
5334.000000	15.212249 
5332.000000	15.546035 
5330.000000	15.481185 
5328.000000	15.212249 
5326.000000	15.558624 
5324.000000	16.187667 
5322.000000	16.605758 
5320.000000	16.755294 
5318.000000	16.683197 
5316.000000	16.645050 
5314.000000	16.776657 
5312.000000	16.873168 
5310.000000	16.525268 
5308.000000	16.109848 
5306.000000	16.266632 
5304.000000	16.590499 
5302.000000	16.711425 
5300.000000	16.761398 
5298.000000	16.952896 
5296.000000	17.125701 
5294.000000	17.023849 
5292.000000	16.434478 
5290.000000	16.187286 
5288.000000	16.430664 
5286.000000	16.508102 
5284.000000	16.612625 
5282.000000	16.711807 
5280.000000	16.854476 
5278.000000	17.148971 
5276.000000	17.364120 
5274.000000	17.444992 
5272.000000	17.280960 
5270.000000	16.965866 
5268.000000	16.640853 
5266.000000	15.981292 
5264.000000	15.449523 
5262.000000	15.729904 
5260.000000	16.513061 
5258.000000	16.788864 
5256.000000	16.396713 
5254.000000	16.448211 
5252.000000	16.708374 
5250.000000	16.220855 
5248.000000	15.724182 
5246.000000	15.613555 
5244.000000	16.007995 
5242.000000	16.837310 
5240.000000	17.374801 
5238.000000	17.623901 
5236.000000	17.613983 
5234.000000	17.336654 
5232.000000	17.076492 
5230.000000	17.120361 
5228.000000	16.836929 
5226.000000	16.361999 
5224.000000	16.628265 
5222.000000	17.178726 
5220.000000	17.381286 
5218.000000	17.500686 
5216.000000	17.807388 
5214.000000	18.091583 
5212.000000	17.980957 
5210.000000	17.171096 
5208.000000	16.133499 
5206.000000	16.066741 
5204.000000	17.000579 
5202.000000	17.855453 
5200.000000	18.006896 
5198.000000	17.728042 
5196.000000	17.819213 
5194.000000	18.162918 
5192.000000	18.289947 
5190.000000	18.198394 
5188.000000	18.030166 
5186.000000	17.786407 
5184.000000	17.897033 
5182.000000	18.152236 
5180.000000	18.302154 
5178.000000	18.430709 
5176.000000	18.557739 
5174.000000	18.608093 
5172.000000	18.524551 
5170.000000	18.566131 
5168.000000	18.719482 
5166.000000	18.650054 
5164.000000	18.519973 
5162.000000	18.595886 
5160.000000	18.675231 
5158.000000	18.611907 
5156.000000	18.609619 
5154.000000	18.752670 
5152.000000	18.890762 
5150.000000	19.038391 
5148.000000	19.179916 
5146.000000	19.230651 
5144.000000	19.142913 
5142.000000	19.081115 
5140.000000	19.186019 
5138.000000	19.310760 
5136.000000	19.353866 
5134.000000	19.359207 
5132.000000	19.403839 
5130.000000	19.473266 
5128.000000	19.546508 
5126.000000	19.611358 
5124.000000	19.648361 
5122.000000	19.621276 
5120.000000	19.573211 
5118.000000	19.599533 
5116.000000	19.661712 
5114.000000	19.713211 
5112.000000	19.766998 
5110.000000	19.818496 
5108.000000	19.854354 
5106.000000	19.888687 
5104.000000	19.934844 
5102.000000	19.984054 
5100.000000	20.015335 
5098.000000	20.020675 
5096.000000	20.030975 
5094.000000	20.071029 
5092.000000	20.138931 
5090.000000	20.199584 
5088.000000	20.240020 
5086.000000	20.281982 
5084.000000	20.320510 
5082.000000	20.353698 
5080.000000	20.392227 
5078.000000	20.436096 
5076.000000	20.465850 
5074.000000	20.480728 
5072.000000	20.512008 
5070.000000	20.555114 
5068.000000	20.592880 
5066.000000	20.626449 
5064.000000	20.663070 
5062.000000	20.705413 
5060.000000	20.746231 
5058.000000	20.779037 
5056.000000	20.808410 
5054.000000	20.838546 
5052.000000	20.853424 
5050.000000	20.875167 
5048.000000	20.927810 
5046.000000	20.977783 
5044.000000	21.020889 
5042.000000	21.066284 
5040.000000	21.101379 
5038.000000	21.132278 
5036.000000	21.158218 
5034.000000	21.177291 
5032.000000	21.206283 
5030.000000	21.246719 
5028.000000	21.290588 
5026.000000	21.324157 
5024.000000	21.359634 
5022.000000	21.397781 
5020.000000	21.437835 
5018.000000	21.466827 
5016.000000	21.495819 
5014.000000	21.532821 
5012.000000	21.562957 
5010.000000	21.595001 
5008.000000	21.636199 
5006.000000	21.672439 
5004.000000	21.712875 
5002.000000	21.751403 
5000.000000	21.777343 
4998.000000	21.801757 
4996.000000	21.832275 
4994.000000	21.866226 
4992.000000	21.897125 
4990.000000	21.931838 
4988.000000	21.976089 
4986.000000	22.018432 
4984.000000	22.055816 
4982.000000	22.095489 
4980.000000	22.135925 
4978.000000	22.177505 
4976.000000	22.219848 
4974.000000	22.261810 
4972.000000	22.295379 
4970.000000	22.319030 
4968.000000	22.348785 
4966.000000	22.386550 
4964.000000	22.419357 
4962.000000	22.452163 
4960.000000	22.490310 
4958.000000	22.531509 
4956.000000	22.573852 
4954.000000	22.613143 
4952.000000	22.641372 
4950.000000	22.671508 
4948.000000	22.715759 
4946.000000	22.760009 
4944.000000	22.797393 
4942.000000	22.835540 
4940.000000	22.869110 
4938.000000	22.906875 
4936.000000	22.952270 
4934.000000	22.992324 
4932.000000	23.028564 
4930.000000	23.062896 
4928.000000	23.094940 
4926.000000	23.133087 
4924.000000	23.176574 
4922.000000	23.210525 
4920.000000	23.244476 
4918.000000	23.279953 
4916.000000	23.318099 
4914.000000	23.350906 
4912.000000	23.384475 
4910.000000	23.418807 
4908.000000	23.451232 
4906.000000	23.490905 
4904.000000	23.528671 
4902.000000	23.566436 
4900.000000	23.607254 
4898.000000	23.638534 
4896.000000	23.670578 
4894.000000	23.711395 
4892.000000	23.754882 
4890.000000	23.794555 
4888.000000	23.830795 
4886.000000	23.872756 
4884.000000	23.916625 
4882.000000	23.957824 
4880.000000	23.995590 
4878.000000	24.034881 
4876.000000	24.077224 
4874.000000	24.120712 
4872.000000	24.163436 
4870.000000	24.203109 
4868.000000	24.234390 
4866.000000	24.267959 
4864.000000	24.307250 
4862.000000	24.353027 
4860.000000	24.400711 
4858.000000	24.445724 
4856.000000	24.480819 
4854.000000	24.512481 
4852.000000	24.553680 
4850.000000	24.600601 
4848.000000	24.637222 
4846.000000	24.678802 
4844.000000	24.724960 
4842.000000	24.760818 
4840.000000	24.797439 
4838.000000	24.838638 
4836.000000	24.876785 
4834.000000	24.919891 
4832.000000	24.969100 
4830.000000	25.014877 
4828.000000	25.053787 
4826.000000	25.094223 
4824.000000	25.135040 
4822.000000	25.168228 
4820.000000	25.208282 
4818.000000	25.258636 
4816.000000	25.300979 
4814.000000	25.325775 
4812.000000	25.362396 
4810.000000	25.411224 
4808.000000	25.457000 
4806.000000	25.503540 
4804.000000	25.545883 
4802.000000	25.582122 
4800.000000	25.618362 
4798.000000	25.660324 
4796.000000	25.705718 
4794.000000	25.748062 
4792.000000	25.785446 
4790.000000	25.828552 
4788.000000	25.871658 
4786.000000	25.910949 
4784.000000	25.952911 
4782.000000	25.994110 
4780.000000	26.033020 
4778.000000	26.076126 
4776.000000	26.128768 
4774.000000	26.176834 
4772.000000	26.210403 
4770.000000	26.246643 
4768.000000	26.290512 
4766.000000	26.336288 
4764.000000	26.374435 
4762.000000	26.401519 
4760.000000	26.443481 
4758.000000	26.490783 
4756.000000	26.531982 
4754.000000	26.579284 
4752.000000	26.616668 
4750.000000	26.643371 
4748.000000	26.681137 
4746.000000	26.729965 
4744.000000	26.769638 
4742.000000	26.805877 
4740.000000	26.850891 
4738.000000	26.900482 
4736.000000	26.945495 
4734.000000	26.987838 
4732.000000	27.026748 
4730.000000	27.063751 
4728.000000	27.105712 
4726.000000	27.143859 
4724.000000	27.179336 
4722.000000	27.225112 
4720.000000	27.265548 
4718.000000	27.301788 
4716.000000	27.346038 
4714.000000	27.390289 
4712.000000	27.426528 
4710.000000	27.462768 
4708.000000	27.507400 
4706.000000	27.549362 
4704.000000	27.590179 
4702.000000	27.634429 
4700.000000	27.680587 
4698.000000	27.728271 
4696.000000	27.765655 
4694.000000	27.799606 
4692.000000	27.836227 
4690.000000	27.875900 
4688.000000	27.920913 
4686.000000	27.954864 
4684.000000	27.983474 
4682.000000	28.023529 
4680.000000	28.068923 
4678.000000	28.113937 
4676.000000	28.152465 
4674.000000	28.183364 
4672.000000	28.216552 
4670.000000	28.258895 
4668.000000	28.303909 
4666.000000	28.341674 
4664.000000	28.379058 
4662.000000	28.418731 
4660.000000	28.459548 
4658.000000	28.495407 
4656.000000	28.528976 
4654.000000	28.572463 
4652.000000	28.617477 
4650.000000	28.659057 
4648.000000	28.691101 
4646.000000	28.717422 
4644.000000	28.748321 
4642.000000	28.785324 
4640.000000	28.832244 
4638.000000	28.877639 
4636.000000	28.914260 
4634.000000	28.939056 
4632.000000	28.967666 
4630.000000	29.009628 
4628.000000	29.047012 
4626.000000	29.080963 
4624.000000	29.111480 
4622.000000	29.139709 
4620.000000	29.174041 
4618.000000	29.212570 
4616.000000	29.244232 
4614.000000	29.274368 
4612.000000	29.311752 
4610.000000	29.349136 
4608.000000	29.376602 
4606.000000	29.402542 
4604.000000	29.441452 
4602.000000	29.483032 
4600.000000	29.510879 
4598.000000	29.536819 
4596.000000	29.578781 
4594.000000	29.609680 
4592.000000	29.642868 
4590.000000	29.679870 
4588.000000	29.702758 
4586.000000	29.729461 
4584.000000	29.767227 
4582.000000	29.798507 
4580.000000	29.830932 
4578.000000	29.865264 
4576.000000	29.895782 
4574.000000	29.928207 
4572.000000	29.964447 
4570.000000	29.998016 
4568.000000	30.034637 
4566.000000	30.074691 
4564.000000	30.108261 
4562.000000	30.141067 
4560.000000	30.187225 
4558.000000	30.229949 
4556.000000	30.257415 
4554.000000	30.291748 
4552.000000	30.336761 
4550.000000	30.377578 
4548.000000	30.425643 
4546.000000	30.474472 
4544.000000	30.509948 
4542.000000	30.546951 
4540.000000	30.597305 
4538.000000	30.654525 
4536.000000	30.699920 
4534.000000	30.739593 
4532.000000	30.789566 
4530.000000	30.844116 
4528.000000	30.899810 
4526.000000	30.947494 
4524.000000	30.990600 
4522.000000	31.040954 
4520.000000	31.101226 
4518.000000	31.161880 
4516.000000	31.217956 
4514.000000	31.274795 
4512.000000	31.332015 
4510.000000	31.385803 
4508.000000	31.440734 
4506.000000	31.494903 
4504.000000	31.552124 
4502.000000	31.617736 
4500.000000	31.676101 
4498.000000	31.721115 
4496.000000	31.772994 
4494.000000	31.839370 
4492.000000	31.910705 
4490.000000	31.974411 
4488.000000	32.028579 
4486.000000	32.091140 
4484.000000	32.158279 
4482.000000	32.224655 
4480.000000	32.280349 
4478.000000	32.336044 
4476.000000	32.405471 
4474.000000	32.466506 
4472.000000	32.519531 
4470.000000	32.578277 
4468.000000	32.646179 
4466.000000	32.714080 
4464.000000	32.779312 
4462.000000	32.841491 
4460.000000	32.899475 
4458.000000	32.959747 
4456.000000	33.015441 
4454.000000	33.068084 
4452.000000	33.130264 
4450.000000	33.205032 
4448.000000	33.272933 
4446.000000	33.330535 
4444.000000	33.390808 
4442.000000	33.446121 
4440.000000	33.491516 
4438.000000	33.549499 
4436.000000	33.620452 
4434.000000	33.687210 
4432.000000	33.754348 
4430.000000	33.813476 
4428.000000	33.866119 
4426.000000	33.926010 
4424.000000	33.989334 
4422.000000	34.043502 
4420.000000	34.091567 
4418.000000	34.148025 
4416.000000	34.217834 
4414.000000	34.283447 
4412.000000	34.333419 
4410.000000	34.386444 
4408.000000	34.446334 
4406.000000	34.499740 
4404.000000	34.558868 
4402.000000	34.623336 
4400.000000	34.686279 
4398.000000	34.742736 
4396.000000	34.791183 
4394.000000	34.839248 
4392.000000	34.889602 
4390.000000	34.951400 
4388.000000	35.017013 
4386.000000	35.068893 
4384.000000	35.115814 
4382.000000	35.170745 
4380.000000	35.226440 
4378.000000	35.279464 
4376.000000	35.335540 
4374.000000	35.390090 
4372.000000	35.443878 
4370.000000	35.499572 
4368.000000	35.549926 
4366.000000	35.601806 
4364.000000	35.661315 
4362.000000	35.723876 
4360.000000	35.778427 
4358.000000	35.828399 
4356.000000	35.889434 
4354.000000	35.951232 
4352.000000	36.004638 
4350.000000	36.061096 
4348.000000	36.118698 
4346.000000	36.168289 
4344.000000	36.225509 
4342.000000	36.293792 
4340.000000	36.354446 
4338.000000	36.405181 
4336.000000	36.459732 
4334.000000	36.515045 
4332.000000	36.568069 
4330.000000	36.625671 
4328.000000	36.681747 
4326.000000	36.733245 
4324.000000	36.790466 
4322.000000	36.850357 
4320.000000	36.909484 
4318.000000	36.965179 
4316.000000	37.020111 
4314.000000	37.076950 
4312.000000	37.134933 
4310.000000	37.192153 
4308.000000	37.243652 
4306.000000	37.292480 
4304.000000	37.348556 
4302.000000	37.413024 
4300.000000	37.473297 
4298.000000	37.522125 
4296.000000	37.568664 
4294.000000	37.614059 
4292.000000	37.665557 
4290.000000	37.716293 
4288.000000	37.770080 
4286.000000	37.825393 
4284.000000	37.874984 
4282.000000	37.917709 
4280.000000	37.961578 
4278.000000	38.012313 
4276.000000	38.055419 
4274.000000	38.100433 
4272.000000	38.150024 
4270.000000	38.187408 
4268.000000	38.234710 
4266.000000	38.290405 
4264.000000	38.340759 
4262.000000	38.392257 
4260.000000	38.444137 
4258.000000	38.497161 
4256.000000	38.551712 
4254.000000	38.591766 
4252.000000	38.633346 
4250.000000	38.697052 
4248.000000	38.766098 
4246.000000	38.821792 
4244.000000	38.870239 
4242.000000	38.917922 
4240.000000	38.963317 
4238.000000	39.016342 
4236.000000	39.082336 
4234.000000	39.148712 
4232.000000	39.193725 
4230.000000	39.233779 
4228.000000	39.290618 
4226.000000	39.343643 
4224.000000	39.392089 
4222.000000	39.442443 
4220.000000	39.485549 
4218.000000	39.521026 
4216.000000	39.566040 
4214.000000	39.624786 
4212.000000	39.681625 
4210.000000	39.723587 
4208.000000	39.748382 
4206.000000	39.774322 
4204.000000	39.824295 
4202.000000	39.892578 
4200.000000	39.954376 
4198.000000	39.997482 
4196.000000	40.031814 
4194.000000	40.076446 
4192.000000	40.138244 
4190.000000	40.194702 
4188.000000	40.233612 
4186.000000	40.286636 
4184.000000	40.334320 
4182.000000	40.366363 
4180.000000	40.422439 
4178.000000	40.489959 
4176.000000	40.553283 
4174.000000	40.602493 
4172.000000	40.640640 
4170.000000	40.692138 
4168.000000	40.747833 
4166.000000	40.797042 
4164.000000	40.840911 
4162.000000	40.872192 
4160.000000	40.896224 
4158.000000	40.944671 
4156.000000	40.991973 
4154.000000	41.035079 
4152.000000	41.090011 
4150.000000	41.150665 
4148.000000	41.207122 
4146.000000	41.253280 
4144.000000	41.282653 
4142.000000	41.291427 
4140.000000	41.287994 
4138.000000	41.323471 
4136.000000	41.350173 
4134.000000	41.368865 
4132.000000	41.468429 
4130.000000	41.579437 
4128.000000	41.654205 
4126.000000	41.706085 
4124.000000	41.738510 
4122.000000	41.765975 
4120.000000	41.813659 
4118.000000	41.873550 
4116.000000	41.924285 
4114.000000	41.971206 
4112.000000	41.998672 
4110.000000	41.982650 
4108.000000	41.841888 
4106.000000	41.705322 
4104.000000	41.835784 
4102.000000	42.070007 
4100.000000	42.209625 
4098.000000	42.270660 
4096.000000	42.311859 
4094.000000	42.339324 
4092.000000	42.360687 
4090.000000	42.274856 
4088.000000	42.192459 
4086.000000	42.299270 
4084.000000	42.437362 
4082.000000	42.418289 
4080.000000	42.352294 
4078.000000	42.451095 
4076.000000	42.583847 
4074.000000	42.652893 
4072.000000	42.738342 
4070.000000	42.821121 
4068.000000	42.874145 
4066.000000	42.915344 
4064.000000	42.917633 
4062.000000	42.844009 
4060.000000	42.828369 
4058.000000	42.939376 
4056.000000	43.043518 
4054.000000	43.074417 
4052.000000	43.090820 
4050.000000	43.141174 
4048.000000	43.046569 
4046.000000	42.654037 
4044.000000	42.551803 
4042.000000	42.899322 
4040.000000	43.186187 
4038.000000	43.305969 
4036.000000	43.328475 
4034.000000	43.313217 
4032.000000	43.271636 
4030.000000	43.260192 
4028.000000	43.175125 
4026.000000	42.998886 
4024.000000	43.096923 
4022.000000	43.227386 
4020.000000	43.141555 
4018.000000	43.178558 
4016.000000	43.333816 
4014.000000	43.431854 
4012.000000	43.395614 
4010.000000	43.101501 
4008.000000	43.007278 
4006.000000	43.327713 
4004.000000	43.593215 
4002.000000	43.730545 
4000.000000	43.847656 
3998.000000	43.760681 
3996.000000	43.412017 
3994.000000	43.232727 
3992.000000	43.070220 
3990.000000	43.125915 
3988.000000	43.584823 
3986.000000	43.837738 
3984.000000	43.730926 
3982.000000	43.590545 
3980.000000	43.688583 
3978.000000	43.489074 
3976.000000	42.871856 
3974.000000	42.581939 
3972.000000	42.778015 
3970.000000	43.083953 
3968.000000	43.558502 
3966.000000	43.889617 
3964.000000	43.312072 
3962.000000	42.589950 
3960.000000	42.698287 
3958.000000	43.007278 
3956.000000	43.210601 
3954.000000	43.073654 
3952.000000	41.813278 
3950.000000	39.855194 
3948.000000	39.605331 
3946.000000	40.394210 
3944.000000	39.520645 
3942.000000	39.754486 
3940.000000	41.910171 
3938.000000	43.412017 
3936.000000	43.082809 
3934.000000	40.083312 
3932.000000	37.646865 
3930.000000	38.538742 
3928.000000	40.285110 
3926.000000	39.190292 
3924.000000	38.498306 
3922.000000	39.242553 
3920.000000	38.291549 
3918.000000	36.903762 
3916.000000	38.484191 
3914.000000	42.258071 
3912.000000	44.485092 
3910.000000	44.824600 
3908.000000	41.807937 
3906.000000	34.796524 
3904.000000	28.873443 
3902.000000	27.253341 
3900.000000	28.900146 
3898.000000	34.154129 
3896.000000	39.216995 
3894.000000	38.022613 
3892.000000	34.417724 
3890.000000	36.017227 
3888.000000	36.323928 
3886.000000	33.007812 
3884.000000	32.929611 
3882.000000	32.185363 
3880.000000	33.081436 
3878.000000	37.743377 
3876.000000	37.319183 
3874.000000	33.594894 
3872.000000	29.946899 
3870.000000	27.380371 
3868.000000	30.206680 
3866.000000	30.593109 
3864.000000	29.835128 
3862.000000	32.933044 
3860.000000	36.970138 
3858.000000	35.776138 
3856.000000	27.574539 
3854.000000	19.279479 
3852.000000	21.160125 
3850.000000	31.037902 
3848.000000	38.946914 
3846.000000	39.573287 
3844.000000	35.461425 
3842.000000	30.715560 
3840.000000	25.879287 
3838.000000	23.984146 
3836.000000	26.851654 
3834.000000	30.725479 
3832.000000	33.628082 
3830.000000	36.748886 
3828.000000	37.104034 
3826.000000	36.667251 
3824.000000	33.798980 
3822.000000	26.845550 
3820.000000	26.097869 
3818.000000	28.162002 
3816.000000	29.424667 
3814.000000	36.197662 
3812.000000	42.484283 
3810.000000	41.757583 
3808.000000	35.580825 
3806.000000	33.186340 
3804.000000	31.281661 
3802.000000	26.908874 
3800.000000	28.778076 
3798.000000	32.691192 
3796.000000	36.285018 
3794.000000	41.849899 
3792.000000	45.528030 
3790.000000	46.421432 
3788.000000	45.268630 
3786.000000	42.596435 
3784.000000	41.989898 
3782.000000	41.223907 
3780.000000	38.584136 
3778.000000	40.195083 
3776.000000	44.342803 
3774.000000	45.478439 
3772.000000	41.089630 
3770.000000	36.418533 
3768.000000	36.374664 
3766.000000	37.125778 
3764.000000	39.709091 
3762.000000	39.329910 
3760.000000	35.030746 
3758.000000	33.708190 
3756.000000	34.263229 
3754.000000	29.750061 
3752.000000	21.915054 
3750.000000	19.627380 
3748.000000	22.180938 
3746.000000	21.423721 
3744.000000	21.655654 
3742.000000	27.436447 
3740.000000	30.511093 
3738.000000	26.467132 
3736.000000	20.814895 
3734.000000	20.381164 
3732.000000	25.645446 
3730.000000	32.496261 
3728.000000	33.974838 
3726.000000	32.181167 
3724.000000	31.454086 
3722.000000	32.728195 
3720.000000	35.853576 
3718.000000	39.386367 
3716.000000	40.216827 
3714.000000	34.290695 
3712.000000	27.079010 
3710.000000	27.438735 
3708.000000	34.321212 
3706.000000	40.124511 
3704.000000	39.775848 
3702.000000	37.285614 
3700.000000	39.447784 
3698.000000	42.589187 
3696.000000	43.154144 
3694.000000	40.428924 
3692.000000	33.036804 
3690.000000	26.468276 
3688.000000	28.340530 
3686.000000	36.730194 
3684.000000	42.946243 
3682.000000	43.203735 
3680.000000	38.905334 
3678.000000	30.799484 
3676.000000	23.403549 
3674.000000	25.317001 
3672.000000	27.344894 
3670.000000	26.817703 
3668.000000	33.367919 
3666.000000	42.377471 
3664.000000	46.753692 
3662.000000	47.417449 
3660.000000	45.893859 
3658.000000	40.766143 
3656.000000	37.353897 
3654.000000	37.678909 
3652.000000	30.885696 
3650.000000	21.796035 
3648.000000	21.366119 
3646.000000	30.207443 
3644.000000	39.361953 
3642.000000	43.185043 
3640.000000	44.373321 
3638.000000	44.419479 
3636.000000	42.967605 
3634.000000	40.400314 
3632.000000	35.540771 
3630.000000	27.314376 
3628.000000	26.332092 
3626.000000	34.450912 
3624.000000	40.351104 
3622.000000	37.999343 
3620.000000	31.912231 
3618.000000	30.909347 
3616.000000	32.851028 
3614.000000	32.638931 
3612.000000	33.229064 
3610.000000	33.142089 
3608.000000	33.496475 
3606.000000	38.000488 
3604.000000	41.585922 
3602.000000	40.480041 
3600.000000	38.842010 
3598.000000	38.390350 
3596.000000	37.294769 
3594.000000	37.751770 
3592.000000	39.913940 
3590.000000	37.295913 
3588.000000	31.967163 
3586.000000	33.677673 
3584.000000	39.925384 
3582.000000	43.426513 
3580.000000	44.120025 
3578.000000	44.225692 
3576.000000	44.372940 
3574.000000	44.885253 
3572.000000	44.574737 
3570.000000	39.581680 
3568.000000	31.858444 
3566.000000	30.686950 
3564.000000	36.152648 
3562.000000	40.734481 
3560.000000	43.039703 
3558.000000	44.866943 
3556.000000	45.314025 
3554.000000	43.312835 
3552.000000	42.104339 
3550.000000	42.674255 
3548.000000	40.806579 
3546.000000	38.631057 
3544.000000	40.155792 
3542.000000	43.802261 
3540.000000	45.799636 
3538.000000	45.277023 
3536.000000	44.683456 
3534.000000	45.482254 
3532.000000	45.069122 
3530.000000	42.825698 
3528.000000	40.948104 
3526.000000	40.457916 
3524.000000	40.593338 
3522.000000	42.197799 
3520.000000	44.304656 
3518.000000	45.396423 
3516.000000	45.928573 
3514.000000	45.812606 
3512.000000	44.503402 
3510.000000	43.059539 
3508.000000	43.476867 
3506.000000	43.349456 
3504.000000	41.429138 
3502.000000	41.423416 
3500.000000	43.455886 
3498.000000	44.325256 
3496.000000	44.303131 
3494.000000	44.830322 
3492.000000	45.253372 
3490.000000	44.755935 
3488.000000	44.080734 
3486.000000	44.128417 
3484.000000	43.668365 
3482.000000	42.776489 
3480.000000	43.396377 
3478.000000	44.556427 
3476.000000	44.726181 
3474.000000	44.693374 
3472.000000	44.977188 
3470.000000	45.016098 
3468.000000	44.753646 
3466.000000	44.612121 
3464.000000	44.376754 
3462.000000	44.124984 
3460.000000	44.437408 
3458.000000	44.932174 
3456.000000	45.231246 
3454.000000	45.439529 
3452.000000	45.525741 
3450.000000	44.732666 
3448.000000	42.946243 
3446.000000	42.713546 
3444.000000	43.557357 
3442.000000	44.177246 
3440.000000	44.875335 
3438.000000	45.298004 
3436.000000	45.519256 
3434.000000	45.630264 
3432.000000	45.602035 
3430.000000	45.701980 
3428.000000	45.940399 
3426.000000	46.132659 
3424.000000	45.792388 
3422.000000	44.922256 
3420.000000	44.851684 
3418.000000	45.851898 
3416.000000	46.596145 
3414.000000	46.797561 
3412.000000	46.908950 
3410.000000	47.033309 
3408.000000	47.127532 
3406.000000	47.131729 
3404.000000	47.023010 
3402.000000	46.992874 
3400.000000	46.944427 
3398.000000	46.726608 
3396.000000	46.725845 
3394.000000	46.561431 
3392.000000	46.644973 
3390.000000	47.297668 
3388.000000	47.613525 
3386.000000	47.381591 
3384.000000	47.344970 
3382.000000	47.695541 
3380.000000	47.950363 
3378.000000	48.057556 
3376.000000	48.139190 
3374.000000	48.217010 
3372.000000	48.238754 
3370.000000	48.049545 
3368.000000	47.681045 
3366.000000	47.473144 
3364.000000	47.585296 
3362.000000	47.772216 
3360.000000	47.988891 
3358.000000	48.110961 
3356.000000	48.138046 
3354.000000	48.343658 
3352.000000	48.590469 
3350.000000	48.714828 
3348.000000	48.784255 
3346.000000	48.843765 
3344.000000	48.859786 
3342.000000	48.844909 
3340.000000	48.766708 
3338.000000	48.473358 
3336.000000	48.318481 
3334.000000	48.615646 
3332.000000	48.958206 
3330.000000	49.039459 
3328.000000	48.924636 
3326.000000	48.854827 
3324.000000	48.952865 
3322.000000	49.153137 
3320.000000	49.294662 
3318.000000	49.334335 
3316.000000	49.294281 
3314.000000	49.125289 
3312.000000	48.942565 
3310.000000	48.773574 
3308.000000	48.886489 
3306.000000	49.315643 
3304.000000	49.568557 
3302.000000	49.641036 
3300.000000	49.606323 
3298.000000	49.517440 
3296.000000	49.530029 
3294.000000	49.424362 
3292.000000	49.296569 
3290.000000	49.425125 
3288.000000	49.695968 
3286.000000	49.854278 
3284.000000	49.839019 
3282.000000	49.845504 
3280.000000	49.854278 
3278.000000	49.659347 
3276.000000	49.346923 
3274.000000	49.277877 
3272.000000	49.647140 
3270.000000	50.099182 
3268.000000	50.297546 
3266.000000	50.280380 
3264.000000	50.284576 
3262.000000	50.313568 
3260.000000	50.284576 
3258.000000	50.202560 
3256.000000	50.030136 
3254.000000	50.011062 
3252.000000	50.344467 
3250.000000	50.634765 
3248.000000	50.509262 
3246.000000	50.068283 
3244.000000	50.032424 
3242.000000	50.393295 
3240.000000	50.569915 
3238.000000	50.557327 
3236.000000	50.551986 
3234.000000	50.557708 
3232.000000	50.518798 
3230.000000	50.486373 
3228.000000	50.544738 
3226.000000	50.755691 
3224.000000	50.898361 
3222.000000	50.720596 
3220.000000	50.457000 
3218.000000	50.553131 
3216.000000	50.588989 
3214.000000	50.511932 
3212.000000	50.650787 
3210.000000	50.710678 
3208.000000	50.950241 
3206.000000	51.261138 
3204.000000	51.382064 
3202.000000	51.374053 
3200.000000	51.144027 
3198.000000	50.888824 
3196.000000	51.086807 
3194.000000	51.492691 
3192.000000	51.695632 
3190.000000	51.779174 
3188.000000	51.753234 
3186.000000	51.591110 
3184.000000	51.623153 
3182.000000	51.801300 
3180.000000	51.617813 
3178.000000	51.409530 
3176.000000	51.718902 
3174.000000	52.069091 
3172.000000	52.190399 
3170.000000	52.196502 
3168.000000	52.236557 
3166.000000	52.317047 
3164.000000	52.402496 
3162.000000	52.463531 
3160.000000	52.515029 
3158.000000	52.551269 
3156.000000	52.584457 
3154.000000	52.585601 
3152.000000	52.597045 
3150.000000	52.666091 
3148.000000	52.753067 
3146.000000	52.788925 
3144.000000	52.785491 
3142.000000	52.795028 
3140.000000	52.842712 
3138.000000	52.904129 
3136.000000	52.790832 
3134.000000	52.436447 
3132.000000	52.436065 
3130.000000	52.735519 
3128.000000	52.698135 
3126.000000	52.531051 
3124.000000	52.323150 
3122.000000	52.217483 
3120.000000	52.257537 
3118.000000	52.174758 
3116.000000	52.163696 
3114.000000	52.454757 
3112.000000	52.750778 
3110.000000	52.855682 
3108.000000	52.917480 
3106.000000	53.021240 
3104.000000	52.880477 
3102.000000	52.501678 
3100.000000	52.493286 
3098.000000	52.696228 
3096.000000	52.723693 
3094.000000	53.015136 
3092.000000	53.421783 
3090.000000	53.586578 
3088.000000	53.601837 
3086.000000	53.610229 
3084.000000	53.508377 
3082.000000	53.219223 
3080.000000	53.021621 
3078.000000	53.200912 
3076.000000	53.584289 
3074.000000	53.797149 
3072.000000	53.832244 
3070.000000	53.693389 
3068.000000	53.256225 
3066.000000	52.838516 
3064.000000	52.923202 
3062.000000	53.328704 
3060.000000	53.503799 
3058.000000	53.306198 
3056.000000	53.193664 
3054.000000	53.525924 
3052.000000	53.718566 
3050.000000	53.545761 
3048.000000	53.502273 
3046.000000	53.720855 
3044.000000	53.829193 
3042.000000	53.830718 
3040.000000	53.806304 
3038.000000	53.681182 
3036.000000	53.349685 
3034.000000	52.858352 
3032.000000	52.449417 
3030.000000	52.601242 
3028.000000	52.916336 
3026.000000	52.803039 
3024.000000	52.558517 
3022.000000	52.360534 
3020.000000	52.177047 
3018.000000	51.985168 
3016.000000	51.848220 
3014.000000	51.840209 
3012.000000	52.088928 
3010.000000	52.715301 
3008.000000	53.358459 
3006.000000	53.607940 
3004.000000	53.713989 
3002.000000	53.965377 
3000.000000	54.147720 
2998.000000	54.188156 
2996.000000	54.093170 
2994.000000	54.021072 
2992.000000	54.120254 
2990.000000	54.183578 
2988.000000	54.136276 
2986.000000	54.163360 
2984.000000	54.188537 
2982.000000	54.091644 
2980.000000	53.945541 
2978.000000	53.830718 
2976.000000	53.667068 
2974.000000	53.447723 
2972.000000	53.285217 
2970.000000	53.085327 
2968.000000	52.745819 
2966.000000	52.382659 
2964.000000	52.094268 
2962.000000	51.837539 
2960.000000	51.621627 
2958.000000	51.442337 
2956.000000	51.274108 
2954.000000	51.145935 
2952.000000	51.079177 
2950.000000	50.988769 
2948.000000	50.796890 
2946.000000	50.491333 
2944.000000	50.066757 
2942.000000	49.496459 
2940.000000	48.809814 
2938.000000	48.076629 
2936.000000	47.410583 
2934.000000	46.863174 
2932.000000	46.401977 
2930.000000	45.950317 
2928.000000	45.532226 
2926.000000	45.282363 
2924.000000	45.364761 
2922.000000	45.864868 
2920.000000	46.717453 
2918.000000	47.731399 
2916.000000	48.719787 
2914.000000	49.576950 
2912.000000	50.271606 
2910.000000	50.831985 
2908.000000	51.282882 
2906.000000	51.634216 
2904.000000	51.915740 
2902.000000	52.172470 
2900.000000	52.394866 
2898.000000	52.585220 
2896.000000	52.764511 
2894.000000	52.957916 
2892.000000	53.162002 
2890.000000	53.360748 
2888.000000	53.538131 
2886.000000	53.687667 
2884.000000	53.800201 
2882.000000	53.866958 
2880.000000	53.873825 
2878.000000	53.816223 
2876.000000	53.659439 
2874.000000	53.398513 
2872.000000	53.034591 
2870.000000	52.518844 
2868.000000	51.806259 
2866.000000	50.932693 
2864.000000	50.065994 
2862.000000	49.444198 
2860.000000	49.251556 
2858.000000	49.505615 
2856.000000	50.049209 
2854.000000	50.706863 
2852.000000	51.388931 
2850.000000	52.052688 
2848.000000	52.673721 
2846.000000	53.230285 
2844.000000	53.707504 
2842.000000	54.088973 
2840.000000	54.390335 
2838.000000	54.638290 
2836.000000	54.856872 
2834.000000	55.030059 
2832.000000	55.173873 
2830.000000	55.298233 
2828.000000	55.408096 
2826.000000	55.498123 
2824.000000	55.572509 
2822.000000	55.638122 
2820.000000	55.702972 
2818.000000	55.756759 
2816.000000	55.794906 
2814.000000	55.821609 
2812.000000	55.837631 
2810.000000	55.842971 
2808.000000	55.854034 
2806.000000	55.866622 
2804.000000	55.862426 
2802.000000	55.849075 
2800.000000	55.831146 
2798.000000	55.816268 
2796.000000	55.802154 
2794.000000	55.789184 
2792.000000	55.773544 
2790.000000	55.767822 
2788.000000	55.784606 
2786.000000	55.833435 
2784.000000	55.884933 
2782.000000	55.933761 
2780.000000	55.978775 
2778.000000	56.019973 
2776.000000	56.045913 
2774.000000	56.066894 
2772.000000	56.091308 
2770.000000	56.116867 
2768.000000	56.139373 
2766.000000	56.158065 
2764.000000	56.174850 
2762.000000	56.193161 
2760.000000	56.205749 
2758.000000	56.217956 
2756.000000	56.237792 
2754.000000	56.256484 
2752.000000	56.267929 
2750.000000	56.277465 
2748.000000	56.283187 
2746.000000	56.290435 
2744.000000	56.305313 
2742.000000	56.319046 
2740.000000	56.333160 
2738.000000	56.334304 
2736.000000	56.335830 
2734.000000	56.344985 
2732.000000	56.356430 
2730.000000	56.360244 
2728.000000	56.357192 
2726.000000	56.348037 
2724.000000	56.341552 
2722.000000	56.327438 
2720.000000	56.324768 
2718.000000	56.325149 
2716.000000	56.319046 
2714.000000	56.299591 
2712.000000	56.275939 
2710.000000	56.251525 
2708.000000	56.227111 
2706.000000	56.200027 
2704.000000	56.176757 
2702.000000	56.155014 
2700.000000	56.145858 
2698.000000	56.152725 
2696.000000	56.156539 
2694.000000	56.155014 
2692.000000	56.158065 
2690.000000	56.164169 
2688.000000	56.158828 
2686.000000	56.154632 
2684.000000	56.150817 
2682.000000	56.143569 
2680.000000	56.129837 
2678.000000	56.123733 
2676.000000	56.118774 
2674.000000	56.115722 
2672.000000	56.107711 
2670.000000	56.103134 
2668.000000	56.095504 
2666.000000	56.092453 
2664.000000	56.084060 
2662.000000	56.078338 
2660.000000	56.071472 
2658.000000	56.065368 
2656.000000	56.068038 
2654.000000	56.081771 
2652.000000	56.094741 
2650.000000	56.110382 
2648.000000	56.131744 
2646.000000	56.149673 
2644.000000	56.159973 
2642.000000	56.169509 
2640.000000	56.187438 
2638.000000	56.200027 
2636.000000	56.214523 
2634.000000	56.227111 
2632.000000	56.235885 
2630.000000	56.236648 
2628.000000	56.226730 
2626.000000	56.216430 
2624.000000	56.218338 
2622.000000	56.213760 
2620.000000	56.214141 
2618.000000	56.207275 
2616.000000	56.199645 
2614.000000	56.185150 
2612.000000	56.169128 
2610.000000	56.142425 
2608.000000	56.106567 
2606.000000	56.068420 
2604.000000	56.033706 
2602.000000	55.994796 
2600.000000	55.952453 
2598.000000	55.899810 
2596.000000	55.840301 
2594.000000	55.786514 
2592.000000	55.749130 
2590.000000	55.728530 
2588.000000	55.726623 
2586.000000	55.743408 
2584.000000	55.762863 
2582.000000	55.791473 
2580.000000	55.828094 
2578.000000	55.862808 
2576.000000	55.884552 
2574.000000	55.905914 
2572.000000	55.923461 
2570.000000	55.929946 
2568.000000	55.929183 
2566.000000	55.945205 
2564.000000	55.955505 
2562.000000	55.959320 
2560.000000	55.960083 
2558.000000	55.966949 
2556.000000	55.969619 
2554.000000	55.975723 
2552.000000	55.976486 
2550.000000	55.984115 
2548.000000	55.990219 
2546.000000	55.995941 
2544.000000	55.998229 
2542.000000	56.006622 
2540.000000	56.021881 
2538.000000	56.035232 
2536.000000	56.044387 
2534.000000	56.052017 
2532.000000	56.061172 
2530.000000	56.068420 
2528.000000	56.074523 
2526.000000	56.073760 
2524.000000	56.074905 
2522.000000	56.073760 
2520.000000	56.078338 
2518.000000	56.071472 
2516.000000	56.061553 
2514.000000	56.051635 
2512.000000	56.045532 
2510.000000	56.030654 
2508.000000	56.018829 
2506.000000	55.995941 
2504.000000	55.978393 
2502.000000	55.959701 
2500.000000	55.944824 
2498.000000	55.921173 
2496.000000	55.904769 
2494.000000	55.889511 
2492.000000	55.868530 
2490.000000	55.839538 
2488.000000	55.821228 
2486.000000	55.801010 
2484.000000	55.784988 
2482.000000	55.772018 
2480.000000	55.753326 
2478.000000	55.734634 
2476.000000	55.712509 
2474.000000	55.695724 
2472.000000	55.682754 
2470.000000	55.668258 
2468.000000	55.651473 
2466.000000	55.641174 
2464.000000	55.620574 
2462.000000	55.606460 
2460.000000	55.594635 
2458.000000	55.593109 
2456.000000	55.588150 
2454.000000	55.599594 
2452.000000	55.599212 
2450.000000	55.600357 
2448.000000	55.593872 
2446.000000	55.596160 
2444.000000	55.602264 
2442.000000	55.606079 
2440.000000	55.599212 
2438.000000	55.598831 
2436.000000	55.602645 
2434.000000	55.612564 
2432.000000	55.612182 
2430.000000	55.610275 
2428.000000	55.605697 
2426.000000	55.594253 
2424.000000	55.593490 
2422.000000	55.590438 
2420.000000	55.581665 
2418.000000	55.567550 
2416.000000	55.558395 
2414.000000	55.543899 
2412.000000	55.528259 
2410.000000	55.504608 
2408.000000	55.495834 
2406.000000	55.476760 
2404.000000	55.464172 
2402.000000	55.440521 
2400.000000	55.426025 
2398.000000	55.398178 
2396.000000	55.373382 
2394.000000	55.323791 
2392.000000	55.248260 
2390.000000	55.054473 
2388.000000	54.547500 
2386.000000	53.338241 
2384.000000	50.976943 
2382.000000	47.172927 
2380.000000	42.164230 
2378.000000	36.610412 
2376.000000	31.183624 
2374.000000	26.267623 
2372.000000	22.008132 
2370.000000	18.477249 
2368.000000	15.697479 
2366.000000	13.636016 
2364.000000	12.236404 
2362.000000	11.477279 
2360.000000	11.280441 
2358.000000	11.781311 
2356.000000	13.170242 
2354.000000	15.767288 
2352.000000	20.126342 
2350.000000	25.515747 
2348.000000	26.398849 
2346.000000	21.979141 
2344.000000	18.439483 
2342.000000	17.298889 
2340.000000	17.200469 
2338.000000	17.527770 
2336.000000	18.020248 
2334.000000	18.457031 
2332.000000	18.662261 
2330.000000	19.245147 
2328.000000	20.516204 
2326.000000	21.871948 
2324.000000	22.945404 
2322.000000	24.283218 
2320.000000	26.412963 
2318.000000	29.128265 
2316.000000	31.652069 
2314.000000	33.493423 
2312.000000	35.163497 
2310.000000	37.170791 
2308.000000	39.392852 
2306.000000	41.618347 
2304.000000	43.595504 
2302.000000	45.126342 
2300.000000	46.390914 
2298.000000	47.532653 
2296.000000	48.552703 
2294.000000	49.480438 
2292.000000	50.351333 
2290.000000	51.166915 
2288.000000	51.953887 
2286.000000	52.692031 
2284.000000	53.234863 
2282.000000	53.356933 
2280.000000	53.155899 
2278.000000	52.903366 
2276.000000	52.724838 
2274.000000	52.622222 
2272.000000	52.565765 
2270.000000	52.552413 
2268.000000	52.578735 
2266.000000	52.639770 
2264.000000	52.735900 
2262.000000	52.857971 
2260.000000	52.989196 
2258.000000	53.121948 
2256.000000	53.256607 
2254.000000	53.399276 
2252.000000	53.533172 
2250.000000	53.654861 
2248.000000	53.756332 
2246.000000	53.845977 
2244.000000	53.920745 
2242.000000	53.997039 
2240.000000	54.059600 
2238.000000	54.118347 
2236.000000	54.161453 
2234.000000	54.208374 
2232.000000	54.239654 
2230.000000	54.279327 
2228.000000	54.312133 
2226.000000	54.343032 
2224.000000	54.364013 
2222.000000	54.376602 
2220.000000	54.373550 
2218.000000	54.377365 
2216.000000	54.375839 
2214.000000	54.367446 
2212.000000	54.357910 
2210.000000	54.355239 
2208.000000	54.356002 
2206.000000	54.344177 
2204.000000	54.340744 
2202.000000	54.343032 
2200.000000	54.344940 
2198.000000	54.338836 
2196.000000	54.326629 
2194.000000	54.304122 
2192.000000	54.296875 
2190.000000	54.277038 
2188.000000	54.244613 
2186.000000	54.207229 
2184.000000	54.209518 
2182.000000	54.195404 
2180.000000	54.183197 
2178.000000	54.163360 
2176.000000	54.153442 
2174.000000	54.128265 
2172.000000	54.111099 
2170.000000	54.090499 
2168.000000	54.084396 
2166.000000	54.068374 
2164.000000	54.024505 
2162.000000	53.973007 
2160.000000	53.996658 
2158.000000	54.034042 
2156.000000	54.034042 
2154.000000	54.014587 
2152.000000	54.003143 
2150.000000	54.014968 
2148.000000	54.004287 
2146.000000	53.992843 
2144.000000	54.018020 
2142.000000	54.040145 
2140.000000	53.995513 
2138.000000	53.919219 
2136.000000	53.889846 
2134.000000	54.025268 
2132.000000	54.116439 
2130.000000	54.150772 
2128.000000	54.154205 
2126.000000	54.162216 
2124.000000	54.156494 
2122.000000	54.196548 
2120.000000	54.226684 
2118.000000	54.225158 
2116.000000	54.101181 
2114.000000	54.085922 
2112.000000	54.230880 
2110.000000	54.317855 
2108.000000	54.325103 
2106.000000	54.340362 
2104.000000	54.370498 
2102.000000	54.380416 
2100.000000	54.376983 
2098.000000	54.380416 
2096.000000	54.396820 
2094.000000	54.399108 
2092.000000	54.183959 
2090.000000	53.911972 
2088.000000	54.066848 
2086.000000	54.310989 
2084.000000	54.406738 
2082.000000	54.386901 
2080.000000	54.359054 
2078.000000	54.298782 
2076.000000	54.296112 
2074.000000	54.264068 
2072.000000	54.320907 
2070.000000	54.345321 
2068.000000	54.102706 
2066.000000	53.311538 
2064.000000	53.232955 
2062.000000	53.901672 
2060.000000	54.148101 
2058.000000	54.261398 
2056.000000	54.347229 
2054.000000	54.341888 
2052.000000	54.339599 
2050.000000	54.341506 
2048.000000	54.312133 
2046.000000	54.230880 
2044.000000	53.898239 
2042.000000	53.374481 
2040.000000	53.570938 
2038.000000	54.180526 
2036.000000	54.374694 
2034.000000	54.407501 
2032.000000	54.428482 
2030.000000	54.438781 
2028.000000	54.358291 
2026.000000	54.317092 
2024.000000	54.258346 
2022.000000	54.228210 
2020.000000	53.628921 
2018.000000	52.281188 
2016.000000	52.398300 
2014.000000	53.932571 
2012.000000	54.478073 
2010.000000	54.417037 
2008.000000	54.307556 
2006.000000	54.453659 
2004.000000	54.583358 
2002.000000	54.578018 
2000.000000	54.380416 
1998.000000	54.378509 
1996.000000	54.343032 
1994.000000	52.435302 
1992.000000	50.386810 
1990.000000	51.366424 
1988.000000	52.919769 
1986.000000	53.915405 
1984.000000	54.467391 
1982.000000	54.502487 
1980.000000	54.477691 
1978.000000	54.445648 
1976.000000	54.395675 
1974.000000	54.388427 
1972.000000	54.389953 
1970.000000	53.567886 
1968.000000	51.258468 
1966.000000	51.174163 
1964.000000	53.290176 
1962.000000	53.879928 
1960.000000	53.906631 
1958.000000	53.896713 
1956.000000	53.569793 
1954.000000	53.550720 
1952.000000	54.008865 
1950.000000	54.002761 
1948.000000	53.384399 
1946.000000	51.863861 
1944.000000	48.870849 
1942.000000	47.852706 
1940.000000	51.451873 
1938.000000	53.876876 
1936.000000	53.975296 
1934.000000	53.792572 
1932.000000	53.800964 
1930.000000	53.999328 
1928.000000	54.098510 
1926.000000	53.187179 
1924.000000	49.621582 
1922.000000	48.654556 
1920.000000	48.901748 
1918.000000	47.038269 
1916.000000	50.048828 
1914.000000	53.250503 
1912.000000	52.589416 
1910.000000	50.286865 
1908.000000	50.527572 
1906.000000	52.460098 
1904.000000	53.303527 
1902.000000	53.503036 
1900.000000	53.712081 
1898.000000	53.012466 
1896.000000	51.043319 
1894.000000	50.954818 
1892.000000	50.796508 
1890.000000	47.784805 
1888.000000	48.968887 
1886.000000	52.079772 
1884.000000	52.730941 
1882.000000	53.229522 
1880.000000	53.376007 
1878.000000	53.343582 
1876.000000	53.483200 
1874.000000	53.396224 
1872.000000	50.374984 
1870.000000	42.323684 
1868.000000	39.360046 
1866.000000	45.658874 
1864.000000	51.316833 
1862.000000	52.422714 
1860.000000	52.159500 
1858.000000	52.342605 
1856.000000	52.998733 
1854.000000	53.208923 
1852.000000	53.050994 
1850.000000	51.478958 
1848.000000	47.954177 
1846.000000	42.057800 
1844.000000	38.021087 
1842.000000	44.422531 
1840.000000	50.721359 
1838.000000	50.382995 
1836.000000	50.327301 
1834.000000	51.101684 
1832.000000	46.284866 
1830.000000	39.731979 
1828.000000	41.640472 
1826.000000	43.480682 
1824.000000	44.851303 
1822.000000	49.879455 
1820.000000	52.033233 
1818.000000	51.369476 
1816.000000	51.612854 
1814.000000	51.055526 
1812.000000	47.075271 
1810.000000	45.767593 
1808.000000	48.509597 
1806.000000	50.533294 
1804.000000	48.805999 
1802.000000	43.675613 
1800.000000	41.667938 
1798.000000	44.334411 
1796.000000	44.631576 
1794.000000	39.131546 
1792.000000	34.447097 
1790.000000	41.156005 
1788.000000	48.659515 
1786.000000	47.869873 
1784.000000	46.309661 
1782.000000	45.189285 
1780.000000	44.083404 
1778.000000	46.151733 
1776.000000	44.319152 
1774.000000	35.470581 
1772.000000	29.678344 
1770.000000	34.260940 
1768.000000	40.243911 
1766.000000	46.017837 
1764.000000	45.518493 
1762.000000	39.981460 
1760.000000	41.665649 
1758.000000	42.153167 
1756.000000	42.447662 
1754.000000	43.938446 
1752.000000	36.066436 
1750.000000	29.843521 
1748.000000	31.276702 
1746.000000	35.984039 
1744.000000	37.428665 
1742.000000	36.875152 
1740.000000	35.140991 
1738.000000	37.258911 
1736.000000	33.143615 
1734.000000	23.983001 
1732.000000	29.368972 
1730.000000	37.838363 
1728.000000	44.373703 
1726.000000	47.639846 
1724.000000	46.008682 
1722.000000	44.698333 
1720.000000	36.536788 
1718.000000	24.021530 
1716.000000	23.130035 
1714.000000	32.153320 
1712.000000	40.964889 
1710.000000	43.415832 
1708.000000	39.176177 
1706.000000	32.368469 
1704.000000	32.080841 
1702.000000	26.806259 
1700.000000	19.688796 
1698.000000	21.848678 
1696.000000	23.524093 
1694.000000	33.839797 
1692.000000	42.231750 
1690.000000	39.375686 
1688.000000	35.963058 
1686.000000	26.994323 
1684.000000	18.539810 
1682.000000	26.779937 
1680.000000	36.555480 
1678.000000	39.063262 
1676.000000	33.695983 
1674.000000	32.377624 
1672.000000	32.712936 
1670.000000	27.584075 
1668.000000	32.631683 
1666.000000	41.890716 
1664.000000	38.936233 
1662.000000	36.272048 
1660.000000	42.432022 
1658.000000	44.424438 
1656.000000	33.742904 
1654.000000	17.220306 
1652.000000	18.464279 
1650.000000	29.018783 
1648.000000	24.589538 
1646.000000	23.858261 
1644.000000	35.755920 
1642.000000	43.125915 
1640.000000	41.578292 
1638.000000	32.307052 
1636.000000	22.537231 
1634.000000	29.761123 
1632.000000	42.216873 
1630.000000	42.999649 
1628.000000	38.452529 
1626.000000	37.204360 
1624.000000	33.348464 
1622.000000	34.748077 
1620.000000	39.207839 
1618.000000	32.101058 
1616.000000	28.764724 
1614.000000	37.627410 
1612.000000	41.836547 
1610.000000	39.328384 
1608.000000	38.387680 
1606.000000	40.110015 
1604.000000	40.945053 
1602.000000	41.363525 
1600.000000	43.199920 
1598.000000	44.038009 
1596.000000	42.859268 
1594.000000	42.702865 
1592.000000	43.959808 
1590.000000	44.651412 
1588.000000	45.557785 
1586.000000	46.048736 
1584.000000	45.980072 
1582.000000	45.620346 
1580.000000	43.738555 
1578.000000	34.361648 
1576.000000	26.882171 
1574.000000	34.757232 
1572.000000	38.101959 
1570.000000	30.620574 
1568.000000	32.360458 
1566.000000	36.856460 
1564.000000	36.367416 
1562.000000	30.204772 
1560.000000	14.992141 
1558.000000	11.734771 
1556.000000	21.194076 
1554.000000	28.461837 
1552.000000	32.769393 
1550.000000	33.778381 
1548.000000	35.869979 
1546.000000	31.429672 
1544.000000	22.256851 
1542.000000	15.002822 
1540.000000	11.979675 
1538.000000	21.891403 
1536.000000	31.352233 
1534.000000	27.159500 
1532.000000	30.066299 
1530.000000	35.514831 
1528.000000	31.355285 
1526.000000	26.524734 
1524.000000	23.894119 
1522.000000	18.435668 
1520.000000	19.984817 
1518.000000	23.266983 
1516.000000	24.954223 
1514.000000	31.160736 
1512.000000	31.554412 
1510.000000	24.812698 
1508.000000	14.351272 
1506.000000	14.093017 
1504.000000	27.691650 
1502.000000	35.039901 
1500.000000	29.924011 
1498.000000	22.291946 
1496.000000	20.693206 
1494.000000	25.069046 
1492.000000	23.960876 
1490.000000	19.389724 
1488.000000	22.299957 
1486.000000	30.913543 
1484.000000	37.713241 
1482.000000	38.312149 
1480.000000	39.013671 
1478.000000	36.791610 
1476.000000	30.144882 
1474.000000	23.715591 
1472.000000	23.290252 
1470.000000	34.248352 
1468.000000	39.766311 
1466.000000	34.368896 
1464.000000	32.779693 
1462.000000	37.187576 
1460.000000	30.507659 
1458.000000	17.971801 
1456.000000	17.903900 
1454.000000	27.639770 
1452.000000	32.828140 
1450.000000	32.551956 
1448.000000	31.728363 
1446.000000	35.808563 
1444.000000	40.305709 
1442.000000	41.439056 
1440.000000	39.796829 
1438.000000	31.764221 
1436.000000	28.464126 
1434.000000	35.441970 
1432.000000	37.810134 
1430.000000	36.093902 
1428.000000	38.915252 
1426.000000	39.850997 
1424.000000	36.789321 
1422.000000	35.948944 
1420.000000	29.232788 
1418.000000	27.669525 
1416.000000	35.974121 
1414.000000	41.298675 
1412.000000	41.350936 
1410.000000	40.889358 
1408.000000	40.144348 
1406.000000	36.178207 
1404.000000	34.949874 
1402.000000	36.582946 
1400.000000	33.129882 
1398.000000	30.381774 
1396.000000	29.886627 
1394.000000	31.998825 
1392.000000	38.593292 
1390.000000	39.754867 
1388.000000	35.202026 
1386.000000	36.092376 
1384.000000	40.894317 
1382.000000	42.209243 
1380.000000	41.257476 
1378.000000	40.232467 
1376.000000	36.896514 
1374.000000	34.337997 
1372.000000	38.175201 
1370.000000	40.320968 
1368.000000	40.366744 
1366.000000	40.829467 
1364.000000	36.383438 
1362.000000	33.864593 
1360.000000	38.231277 
1358.000000	41.404342 
1356.000000	41.445541 
1354.000000	41.392517 
1352.000000	41.982650 
1350.000000	41.731262 
1348.000000	41.706085 
1346.000000	42.076110 
1344.000000	41.839981 
1342.000000	38.812637 
1340.000000	34.158706 
1338.000000	34.556198 
1336.000000	38.716506 
1334.000000	41.429519 
1332.000000	42.073059 
1330.000000	42.021942 
1328.000000	42.042922 
1326.000000	42.047500 
1324.000000	41.856384 
1322.000000	41.096496 
1320.000000	39.279174 
1318.000000	38.640213 
1316.000000	39.412307 
1314.000000	39.440536 
1312.000000	39.812088 
1310.000000	40.807342 
1308.000000	40.869140 
1306.000000	40.988540 
1304.000000	41.086959 
1302.000000	41.082382 
1300.000000	40.948486 
1298.000000	40.698242 
1296.000000	40.501403 
1294.000000	40.586471 
1292.000000	40.396499 
1290.000000	39.894104 
1288.000000	39.507675 
1286.000000	39.778518 
1284.000000	40.105438 
1282.000000	40.002822 
1280.000000	39.836120 
1278.000000	39.794158 
1276.000000	39.707565 
1274.000000	39.212036 
1272.000000	38.361740 
1270.000000	37.928009 
1268.000000	37.887191 
1266.000000	37.805175 
1264.000000	37.776184 
1262.000000	37.490844 
1260.000000	37.337875 
1258.000000	37.807464 
1256.000000	38.188552 
1254.000000	38.238525 
1252.000000	38.202667 
1250.000000	38.112258 
1248.000000	38.017272 
1246.000000	37.813186 
1244.000000	37.571334 
1242.000000	37.486267 
1240.000000	37.421417 
1238.000000	37.277984 
1236.000000	37.152481 
1234.000000	36.999130 
1232.000000	36.844253 
1230.000000	36.685943 
1228.000000	36.470794 
1226.000000	36.158752 
1224.000000	35.953903 
1222.000000	35.830688 
1220.000000	35.548782 
1218.000000	35.216140 
1216.000000	34.897613 
1214.000000	34.492492 
1212.000000	34.095382 
1210.000000	33.946228 
1208.000000	33.858489 
1206.000000	33.787155 
1204.000000	33.707046 
1202.000000	33.654403 
1200.000000	33.584213 
1198.000000	33.547592 
1196.000000	33.532333 
1194.000000	33.506774 
1192.000000	33.428573 
1190.000000	33.346557 
1188.000000	33.197402 
1186.000000	33.122253 
1184.000000	33.110046 
1182.000000	33.040237 
1180.000000	32.947158 
1178.000000	32.867431 
1176.000000	32.688140 
1174.000000	32.512283 
1172.000000	32.458114 
1170.000000	32.354354 
1168.000000	32.160568 
1166.000000	31.933975 
1164.000000	31.711578 
1162.000000	31.480026 
1160.000000	31.255722 
1158.000000	31.061935 
1156.000000	30.937957 
1154.000000	30.831909 
1152.000000	30.762863 
1150.000000	30.683898 
1148.000000	30.598831 
1146.000000	30.464553 
1144.000000	30.326080 
1142.000000	30.175399 
1140.000000	30.051040 
1138.000000	29.880523 
1136.000000	29.699707 
1134.000000	29.558563 
1132.000000	29.426193 
1130.000000	29.237365 
1128.000000	29.050445 
1126.000000	28.858566 
1124.000000	28.670120 
1122.000000	28.463363 
1120.000000	28.263092 
1118.000000	28.073501 
1116.000000	27.874755 
1114.000000	27.672576 
1112.000000	27.475738 
1110.000000	27.309417 
1108.000000	27.158355 
1106.000000	27.063369 
1104.000000	27.015304 
1102.000000	26.964187 
1100.000000	26.859283 
1098.000000	26.743316 
1096.000000	26.599884 
1094.000000	26.465606 
1092.000000	26.325607 
1090.000000	26.218414 
1088.000000	26.104354 
1086.000000	26.004028 
1084.000000	25.889205 
1082.000000	25.785446 
1080.000000	25.663757 
1078.000000	25.551986 
1076.000000	25.464630 
1074.000000	25.434875 
1072.000000	25.420379 
1070.000000	25.418090 
1068.000000	25.408935 
1066.000000	25.400161 
1064.000000	25.398635 
1062.000000	25.386047 
1060.000000	25.334930 
1058.000000	25.152206 
1056.000000	24.591827 
1054.000000	23.473358 
1052.000000	22.244262 
1050.000000	21.717453 
1048.000000	22.313308 
1046.000000	23.571777 
1044.000000	24.675750 
1042.000000	25.306701 
1040.000000	25.660324 
1038.000000	25.885009 
1036.000000	26.076507 
1034.000000	26.217269 
1032.000000	26.338577 
1030.000000	26.433944 
1028.000000	26.528167 
1026.000000	26.595306 
1024.000000	26.654815 
1022.000000	26.703262 
1020.000000	26.792907 
1018.000000	26.907730 
1016.000000	27.019882 
1014.000000	27.120208 
1012.000000	27.222824 
1010.000000	27.319717 
1008.000000	27.408981 
1006.000000	27.488327 
1004.000000	27.555465 
1002.000000	27.616119 
1000.000000	27.663421 
998.000000	 27.701950 
996.000000	 27.716064 
994.000000	 27.720642 
992.000000	 27.705383 
990.000000	 27.688217 
988.000000	 27.652359 
986.000000	 27.616119 
984.000000	 27.561187 
982.000000	 27.521133 
980.000000	 27.484512 
978.000000	 27.468490 
976.000000	 27.434539 
974.000000	 27.390289 
972.000000	 27.320861 
970.000000	 27.241134 
968.000000	 27.131652 
966.000000	 27.013397 
964.000000	 26.870346 
962.000000	 26.709365 
960.000000	 26.528549 
958.000000	 26.344299 
956.000000	 26.145172 
954.000000	 25.934982 
952.000000	 25.732803 
950.000000	 25.541305 
948.000000	 25.365829 
946.000000	 25.199508 
944.000000	 25.044631 
942.000000	 24.892044 
940.000000	 24.735641 
938.000000	 24.549102 
936.000000	 24.358367 
934.000000	 24.156188 
932.000000	 23.958206 
930.000000	 23.744583 
928.000000	 23.537826 
926.000000	 23.319244 
924.000000	 23.104858 
922.000000	 22.876739 
920.000000	 22.646331 
918.000000	 22.373199 
916.000000	 22.052001 
914.000000	 21.662902 
912.000000	 21.243667 
910.000000	 20.827484 
908.000000	 20.475387 
906.000000	 20.183563 
904.000000	 19.923019 
902.000000	 19.667816 
900.000000	 19.416427 
898.000000	 19.178771 
896.000000	 18.954467 
894.000000	 18.726348 
892.000000	 18.464660 
890.000000	 18.152236 
888.000000	 17.763900 
886.000000	 17.299270 
884.000000	 16.753005 
882.000000	 16.168212 
880.000000	 15.599441 
878.000000	 15.163803 
876.000000	 14.920043 
874.000000	 14.889907 
872.000000	 15.031814 
870.000000	 15.314865 
868.000000	 15.620422 
866.000000	 15.854644 
864.000000	 15.971374 
862.000000	 16.009140 
860.000000	 15.967559 
858.000000	 15.877151 
856.000000	 15.758132 
854.000000	 15.619277 
852.000000	 15.465927 
850.000000	 15.321350 
848.000000	 15.185546 
846.000000	 15.065002 
844.000000	 14.945602 
842.000000	 14.809036 
840.000000	 14.645767 
838.000000	 14.424896 
836.000000	 14.096450 
834.000000	 13.591003 
832.000000	 12.861633 
830.000000	 11.926269 
828.000000	 10.947799 
826.000000	 10.160064 
824.000000	 9.869384  
822.000000	 10.216903 
820.000000	 10.980987 
818.000000	 11.708068 
816.000000	 12.178802 
814.000000	 12.421417 
812.000000	 12.556838 
810.000000	 12.622833 
808.000000	 12.658691 
806.000000	 12.677764 
804.000000	 12.701034 
802.000000	 12.736129 
800.000000	 12.769317 
798.000000	 12.794494 
796.000000	 12.842941 
794.000000	 12.895202 
792.000000	 12.948608 
790.000000	 13.000106 
788.000000	 13.045501 
786.000000	 13.074493 
784.000000	 13.095474 
782.000000	 13.124847 
780.000000	 13.138961 
778.000000	 13.135910 
776.000000	 13.128280 
774.000000	 13.136672 
772.000000	 13.129043 
770.000000	 13.103866 
768.000000	 13.068389 
766.000000	 13.038253 
764.000000	 13.000869 
762.000000	 12.964630 
760.000000	 12.921905 
758.000000	 12.885284 
756.000000	 12.833023 
754.000000	 12.780761 
752.000000	 12.739944 
750.000000	 12.699890 
748.000000	 12.636566 
746.000000	 12.556076 
744.000000	 12.477874 
742.000000	 12.419891 
740.000000	 12.376022 
738.000000	 12.347793 
736.000000	 12.295532 
734.000000	 12.223815 
732.000000	 12.140655 
730.000000	 12.054443 
728.000000	 11.987304 
726.000000	 11.929321 
724.000000	 11.860656 
722.000000	 11.610031 
720.000000	 11.393737 
718.000000	 11.530303 
716.000000	 11.611938 
714.000000	 11.537551 
712.000000	 11.462402 
710.000000	 11.386108 
708.000000	 11.251449 
706.000000	 11.082458 
704.000000	 10.951614 
702.000000	 10.860443 
700.000000	 10.681152 
698.000000	 10.422897 
696.000000	 10.167312 
694.000000	 9.883880  
692.000000	 9.487152  
690.000000	 8.927536  
688.000000	 8.460998  
686.000000	 8.407592  
684.000000	 8.557128  
682.000000	 8.625411  
680.000000	 8.621597  
678.000000	 8.639907  
676.000000	 8.692169  
674.000000	 8.760452  
672.000000	 8.573913  
670.000000	 6.605148  
668.000000	 5.103302  
666.000000	 7.233810  
664.000000	 8.806991  
662.000000	 8.665847  
660.000000	 8.363342  
658.000000	 8.201599  
656.000000	 8.095550  
654.000000	 8.018112  
652.000000	 7.921218  
650.000000	 7.828140  
648.000000	 7.805633  
646.000000	 7.902908  
644.000000	 7.933044  
642.000000	 7.939910  
640.000000	 7.900238  
638.000000	 7.846450  
636.000000	 7.727432  
634.000000	 7.671737  
632.000000	 7.695007  
630.000000	 7.679367  
628.000000	 7.559967  
626.000000	 7.368469  
624.000000	 7.288360  
622.000000	 7.245254  
620.000000	 7.053375  
618.000000	 6.770324  
616.000000	 6.673431  
614.000000	 6.719589  
612.000000	 6.653976  
610.000000	 6.462097  
608.000000	 6.190109  
606.000000	 5.939865  
604.000000	 5.861282  
602.000000	 5.850219  
600.000000	 5.837631  
598.000000	 5.915069  
596.000000	 5.922317  
594.000000	 5.779647  
592.000000	 5.591583  
590.000000	 5.653381  
588.000000	 5.743789  
586.000000	 5.639648  
584.000000	 5.535125  
582.000000	 5.425643  
580.000000	 5.351638  
578.000000	 5.290985  
576.000000	 5.165481  
574.000000	 5.227661  
572.000000	 5.252456  
570.000000	 5.107116  
568.000000	 5.023574  
566.000000	 5.065917  
564.000000	 5.095291  
562.000000	 5.078506  
560.000000	 5.049896  
558.000000	 5.011749  
556.000000	 4.950714  
554.000000	 4.915618  
552.000000	 4.855728  
550.000000	 4.752731  
548.000000	 4.684066  
546.000000	 4.652786  
544.000000	 4.727172  
542.000000	 4.771041  
540.000000	 4.732131  
538.000000	 4.689407  
536.000000	 4.639434  
534.000000	 4.634857  
532.000000	 4.636001  
530.000000	 4.607009  
528.000000	 4.394531  
526.000000	 4.145431  
524.000000	 4.288864  
522.000000	 4.370880  
520.000000	 4.076766  
518.000000	 3.816604  
516.000000	 3.900909  
514.000000	 4.120254  
512.000000	 4.143524  
510.000000	 4.043197  
508.000000	 3.871154  
506.000000	 3.799438  
504.000000	 3.687286  
502.000000	 3.516387  
500.000000	 3.705596  
498.000000	 3.815078  
496.000000	 3.753280  
494.000000	 3.586578  
492.000000	 3.425216  
490.000000	 3.450393  
488.000000	 3.452301  
486.000000	 3.254699  
484.000000	 3.106689  
482.000000	 3.153610  
480.000000	 3.191375  
478.000000	 3.109741  
476.000000	 2.974700  
474.000000	 2.652359  
472.000000	 2.434539  
470.000000	 2.573776  
468.000000	 2.607727  
466.000000	 2.608489  
464.000000	 2.560043  
462.000000	 2.388763  
460.000000	 2.106857  
458.000000	 1.766586  
456.000000	 1.820755  
454.000000	 1.919555  
452.000000	 1.843261  
450.000000	 1.837539  
448.000000	 1.742935  
446.000000	 1.646041  
444.000000	 1.538848  
442.000000	 1.482772  
440.000000	 1.561355  
438.000000	 1.526641  
436.000000	 1.401901  
434.000000	 1.391601  
432.000000	 1.353073  
430.000000	 1.301193  
428.000000	 1.241302  
426.000000	 1.106262  
424.000000	 0.971221  
422.000000	 0.852584  
420.000000	 0.601196  
418.000000	 0.538635  
416.000000	 0.770568  
414.000000	 0.854873  
412.000000	 0.808334  
410.000000	 0.761032  
408.000000	 0.709915  
406.000000	 0.658416  
404.000000	 0.607299  
402.000000	 0.512695  
400.000000	 0.355529  
