6000.000000	100.725555 
5998.000000	100.796127 
5996.000000	100.801849 
5994.000000	100.759124 
5992.000000	100.761795 
5990.000000	100.682449 
5988.000000	100.643920 
5986.000000	100.725173 
5984.000000	100.682067 
5982.000000	100.708389 
5980.000000	100.756072 
5978.000000	100.614929 
5976.000000	100.607299 
5974.000000	100.711441 
5972.000000	100.628280 
5970.000000	100.588226 
5968.000000	100.671768 
5966.000000	100.675201 
5964.000000	100.573730 
5962.000000	100.416183 
5960.000000	100.566482 
5958.000000	100.689315 
5956.000000	100.650787 
5954.000000	100.753402 
5952.000000	100.835800 
5950.000000	100.751876 
5948.000000	100.724411 
5946.000000	100.778579 
5944.000000	100.754928 
5942.000000	100.710678 
5940.000000	100.710678 
5938.000000	100.685119 
5936.000000	100.576782 
5934.000000	100.519943 
5932.000000	100.593566 
5930.000000	100.642395 
5928.000000	100.644683 
5926.000000	100.669479 
5924.000000	100.766372 
5922.000000	100.800704 
5920.000000	100.762939 
5918.000000	100.730133 
5916.000000	100.690460 
5914.000000	100.675582 
5912.000000	100.613021 
5910.000000	100.627517 
5908.000000	100.731277 
5906.000000	100.677871 
5904.000000	100.598144 
5902.000000	100.545501 
5900.000000	100.536346 
5898.000000	100.523757 
5896.000000	100.476455 
5894.000000	100.489807 
5892.000000	100.551223 
5890.000000	100.575637 
5888.000000	100.593185 
5886.000000	100.596237 
5884.000000	100.562667 
5882.000000	100.575637 
5880.000000	100.631713 
5878.000000	100.704574 
5876.000000	100.731658 
5874.000000	100.717163 
5872.000000	100.730514 
5870.000000	100.762939 
5868.000000	100.702285 
5866.000000	100.619506 
5864.000000	100.643157 
5862.000000	100.601196 
5860.000000	100.609588 
5858.000000	100.725555 
5856.000000	100.716400 
5854.000000	100.696182 
5852.000000	100.731277 
5850.000000	100.708770 
5848.000000	100.664520 
5846.000000	100.551605 
5844.000000	100.550842 
5842.000000	100.720977 
5840.000000	100.749588 
5838.000000	100.689697 
5836.000000	100.791168 
5834.000000	100.782012 
5832.000000	100.658035 
5830.000000	100.531387 
5828.000000	100.474548 
5826.000000	100.489425 
5824.000000	100.526046 
5822.000000	100.599288 
5820.000000	100.637817 
5818.000000	100.667190 
5816.000000	100.630187 
5814.000000	100.574493 
5812.000000	100.630950 
5810.000000	100.691223 
5808.000000	100.622940 
5806.000000	100.525283 
5804.000000	100.545120 
5802.000000	100.660324 
5800.000000	100.751876 
5798.000000	100.772476 
5796.000000	100.686264 
5794.000000	100.534439 
5792.000000	100.485610 
5790.000000	100.509262 
5788.000000	100.548553 
5786.000000	100.587844 
5784.000000	100.687026 
5782.000000	100.774002 
5780.000000	100.822830 
5778.000000	100.745773 
5776.000000	100.644302 
5774.000000	100.585556 
5772.000000	100.614547 
5770.000000	100.709152 
5768.000000	100.691604 
5766.000000	100.662231 
5764.000000	100.682830 
5762.000000	100.653076 
5760.000000	100.643920 
5758.000000	100.651931 
5756.000000	100.595092 
5754.000000	100.531387 
5752.000000	100.515747 
5750.000000	100.540924 
5748.000000	100.577163 
5746.000000	100.607299 
5744.000000	100.621032 
5742.000000	100.606536 
5740.000000	100.584411 
5738.000000	100.578689 
5736.000000	100.624465 
5734.000000	100.547409 
5732.000000	100.549697 
5730.000000	100.656127 
5728.000000	100.605392 
5726.000000	100.584030 
5724.000000	100.679779 
5722.000000	100.759506 
5720.000000	100.669479 
5718.000000	100.539398 
5716.000000	100.588989 
5714.000000	100.681686 
5712.000000	100.657272 
5710.000000	100.630950 
5708.000000	100.693130 
5706.000000	100.706863 
5704.000000	100.656127 
5702.000000	100.623703 
5700.000000	100.592803 
5698.000000	100.634002 
5696.000000	100.683975 
5694.000000	100.585174 
5692.000000	100.500869 
5690.000000	100.549316 
5688.000000	100.596237 
5686.000000	100.625610 
5684.000000	100.675582 
5682.000000	100.643539 
5680.000000	100.548553 
5678.000000	100.447463 
5676.000000	100.518035 
5674.000000	100.527572 
5672.000000	100.467681 
5670.000000	100.474548 
5668.000000	100.528335 
5666.000000	100.513839 
5664.000000	100.604248 
5662.000000	100.649261 
5660.000000	100.480651 
5658.000000	100.409317 
5656.000000	100.495529 
5654.000000	100.597763 
5652.000000	100.561523 
5650.000000	100.489425 
5648.000000	100.549316 
5646.000000	100.616455 
5644.000000	100.606536 
5642.000000	100.647735 
5640.000000	100.718688 
5638.000000	100.695800 
5636.000000	100.666427 
5634.000000	100.608825 
5632.000000	100.533294 
5630.000000	100.492477 
5628.000000	100.515365 
5626.000000	100.534820 
5624.000000	100.545501 
5622.000000	100.570297 
5620.000000	100.562286 
5618.000000	100.579833 
5616.000000	100.608444 
5614.000000	100.622940 
5612.000000	100.640869 
5610.000000	100.678634 
5608.000000	100.709152 
5606.000000	100.634765 
5604.000000	100.542831 
5602.000000	100.564956 
5600.000000	100.604629 
5598.000000	100.639724 
5596.000000	100.683212 
5594.000000	100.627136 
5592.000000	100.535583 
5590.000000	100.527954 
5588.000000	100.521850 
5586.000000	100.492858 
5584.000000	100.488662 
5582.000000	100.549316 
5580.000000	100.559234 
5578.000000	100.487136 
5576.000000	100.474166 
5574.000000	100.482559 
5572.000000	100.526428 
5570.000000	100.608062 
5568.000000	100.523757 
5566.000000	100.471115 
5564.000000	100.571823 
5562.000000	100.642395 
5560.000000	100.607681 
5558.000000	100.506591 
5556.000000	100.432968 
5554.000000	100.432968 
5552.000000	100.452041 
5550.000000	100.462341 
5548.000000	100.454330 
5546.000000	100.472640 
5544.000000	100.576400 
5542.000000	100.581741 
5540.000000	100.501251 
5538.000000	100.481796 
5536.000000	100.526046 
5534.000000	100.535202 
5532.000000	100.531387 
5530.000000	100.578689 
5528.000000	100.590133 
5526.000000	100.517654 
5524.000000	100.456237 
5522.000000	100.448226 
5520.000000	100.492477 
5518.000000	100.524520 
5516.000000	100.496673 
5514.000000	100.503921 
5512.000000	100.591659 
5510.000000	100.613021 
5508.000000	100.522232 
5506.000000	100.427246 
5504.000000	100.407028 
5502.000000	100.522613 
5500.000000	100.496292 
5498.000000	100.466918 
5496.000000	100.505447 
5494.000000	100.380325 
5492.000000	100.296020 
5490.000000	100.292205 
5488.000000	100.344848 
5486.000000	100.386047 
5484.000000	100.435256 
5482.000000	100.507736 
5480.000000	100.519943 
5478.000000	100.376892 
5476.000000	100.218963 
5474.000000	100.253295 
5472.000000	100.357437 
5470.000000	100.417709 
5468.000000	100.447463 
5466.000000	100.428771 
5464.000000	100.402450 
5462.000000	100.350189 
5460.000000	100.313186 
5458.000000	100.329208 
5456.000000	100.448608 
5454.000000	100.518417 
5452.000000	100.362777 
5450.000000	100.221252 
5448.000000	100.182723 
5446.000000	100.189590 
5444.000000	100.261306 
5442.000000	100.248718 
5440.000000	100.269317 
5438.000000	100.211334 
5436.000000	100.091552 
5434.000000	100.147247 
5432.000000	100.212478 
5430.000000	100.140762 
5428.000000	100.136184 
5426.000000	100.275802 
5424.000000	100.391006 
5422.000000	100.410842 
5420.000000	100.471496 
5418.000000	100.492477 
5416.000000	100.305175 
5414.000000	100.127410 
5412.000000	99.971771  
5410.000000	99.979400  
5408.000000	100.241088 
5406.000000	100.370788 
5404.000000	100.387954 
5402.000000	100.422668 
5400.000000	100.478363 
5398.000000	100.428009 
5396.000000	100.368881 
5394.000000	100.332641 
5392.000000	100.372695 
5390.000000	100.477600 
5388.000000	100.399398 
5386.000000	100.279235 
5384.000000	100.393295 
5382.000000	100.491333 
5380.000000	100.378036 
5378.000000	100.181198 
5376.000000	100.110626 
5374.000000	100.239181 
5372.000000	100.363540 
5370.000000	100.358200 
5368.000000	100.376892 
5366.000000	100.356292 
5364.000000	100.287628 
5362.000000	100.315093 
5360.000000	100.436782 
5358.000000	100.515365 
5356.000000	100.367736 
5354.000000	100.114059 
5352.000000	100.181579 
5350.000000	100.265884 
5348.000000	100.130081 
5346.000000	99.998474  
5344.000000	100.077438 
5342.000000	100.153350 
5340.000000	100.014495 
5338.000000	100.003433 
5336.000000	100.155258 
5334.000000	100.186538 
5332.000000	100.262069 
5330.000000	100.259017 
5328.000000	100.135421 
5326.000000	100.245666 
5324.000000	100.328445 
5322.000000	100.312805 
5320.000000	100.369644 
5318.000000	100.368499 
5316.000000	100.365066 
5314.000000	100.365447 
5312.000000	100.333404 
5310.000000	100.294494 
5308.000000	100.253295 
5306.000000	100.216293 
5304.000000	100.288391 
5302.000000	100.341415 
5300.000000	100.354003 
5298.000000	100.429534 
5296.000000	100.501632 
5294.000000	100.486373 
5292.000000	100.419235 
5290.000000	100.387191 
5288.000000	100.371551 
5286.000000	100.330352 
5284.000000	100.362777 
5282.000000	100.414657 
5280.000000	100.394439 
5278.000000	100.342178 
5276.000000	100.421905 
5274.000000	100.501632 
5272.000000	100.415039 
5270.000000	100.355148 
5268.000000	100.331115 
5266.000000	100.234222 
5264.000000	100.123977 
5262.000000	100.119400 
5260.000000	100.206375 
5258.000000	100.274276 
5256.000000	100.258636 
5254.000000	100.345611 
5252.000000	100.378417 
5250.000000	100.213241 
5248.000000	100.028991 
5246.000000	99.933242  
5244.000000	100.027084 
5242.000000	100.266265 
5240.000000	100.410079 
5238.000000	100.457000 
5236.000000	100.466156 
5234.000000	100.386428 
5232.000000	100.331115 
5230.000000	100.328826 
5228.000000	100.195312 
5226.000000	100.091934 
5224.000000	100.268554 
5222.000000	100.405502 
5220.000000	100.354003 
5218.000000	100.310897 
5216.000000	100.364685 
5214.000000	100.383758 
5212.000000	100.347900 
5210.000000	100.241088 
5208.000000	100.068664 
5206.000000	100.075531 
5204.000000	100.253677 
5202.000000	100.393295 
5200.000000	100.415802 
5198.000000	100.342178 
5196.000000	100.323867 
5194.000000	100.360107 
5192.000000	100.339126 
5190.000000	100.324630 
5188.000000	100.310134 
5186.000000	100.284194 
5184.000000	100.336074 
5182.000000	100.408554 
5180.000000	100.435256 
5178.000000	100.375747 
5176.000000	100.378417 
5174.000000	100.400543 
5172.000000	100.388336 
5170.000000	100.387191 
5168.000000	100.405502 
5166.000000	100.395965 
5164.000000	100.409317 
5162.000000	100.396347 
5160.000000	100.333786 
5158.000000	100.286102 
5156.000000	100.302505 
5154.000000	100.417709 
5152.000000	100.503921 
5150.000000	100.546264 
5148.000000	100.532150 
5146.000000	100.457763 
5144.000000	100.416564 
5142.000000	100.427246 
5140.000000	100.445556 
5138.000000	100.445556 
5136.000000	100.431060 
5134.000000	100.424194 
5132.000000	100.418090 
5130.000000	100.447082 
5128.000000	100.498199 
5126.000000	100.519180 
5124.000000	100.498199 
5122.000000	100.471115 
5120.000000	100.427627 
5118.000000	100.411987 
5116.000000	100.417327 
5114.000000	100.395584 
5112.000000	100.389099 
5110.000000	100.433731 
5108.000000	100.456619 
5106.000000	100.427246 
5104.000000	100.408554 
5102.000000	100.396347 
5100.000000	100.410842 
5098.000000	100.490570 
5096.000000	100.533676 
5094.000000	100.471496 
5092.000000	100.411987 
5090.000000	100.432968 
5088.000000	100.482559 
5086.000000	100.485610 
5084.000000	100.463485 
5082.000000	100.491333 
5080.000000	100.507354 
5078.000000	100.469970 
5076.000000	100.441741 
5074.000000	100.403213 
5072.000000	100.354003 
5070.000000	100.378799 
5068.000000	100.433349 
5066.000000	100.437545 
5064.000000	100.442504 
5062.000000	100.418472 
5060.000000	100.386810 
5058.000000	100.425338 
5056.000000	100.476455 
5054.000000	100.469589 
5052.000000	100.451660 
5050.000000	100.473022 
5048.000000	100.450897 
5046.000000	100.402832 
5044.000000	100.403594 
5042.000000	100.420379 
5040.000000	100.445556 
5038.000000	100.454711 
5036.000000	100.479507 
5034.000000	100.499725 
5032.000000	100.500869 
5030.000000	100.482177 
5028.000000	100.437164 
5026.000000	100.395202 
5024.000000	100.370407 
5022.000000	100.389862 
5020.000000	100.407409 
5018.000000	100.415420 
5016.000000	100.423431 
5014.000000	100.450515 
5012.000000	100.483703 
5010.000000	100.503540 
5008.000000	100.488662 
5006.000000	100.446701 
5004.000000	100.396728 
5002.000000	100.384521 
5000.000000	100.392150 
4998.000000	100.424957 
4996.000000	100.423812 
4994.000000	100.386428 
4992.000000	100.357055 
4990.000000	100.318527 
4988.000000	100.324630 
4986.000000	100.349807 
4984.000000	100.378799 
4982.000000	100.429534 
4980.000000	100.447463 
4978.000000	100.410842 
4976.000000	100.370788 
4974.000000	100.334930 
4972.000000	100.359344 
4970.000000	100.428009 
4968.000000	100.396728 
4966.000000	100.363540 
4964.000000	100.418472 
4962.000000	100.442886 
4960.000000	100.422668 
4958.000000	100.389862 
4956.000000	100.375366 
4954.000000	100.429153 
4952.000000	100.455474 
4950.000000	100.437164 
4948.000000	100.433731 
4946.000000	100.450134 
4944.000000	100.461196 
4942.000000	100.453567 
4940.000000	100.480270 
4938.000000	100.477218 
4936.000000	100.439071 
4934.000000	100.437545 
4932.000000	100.440597 
4930.000000	100.410461 
4928.000000	100.406265 
4926.000000	100.421524 
4924.000000	100.404357 
4922.000000	100.380325 
4920.000000	100.384902 
4918.000000	100.382995 
4916.000000	100.362014 
4914.000000	100.398254 
4912.000000	100.434494 
4910.000000	100.441741 
4908.000000	100.430297 
4906.000000	100.422668 
4904.000000	100.431442 
4902.000000	100.407409 
4900.000000	100.407028 
4898.000000	100.469970 
4896.000000	100.470733 
4894.000000	100.424957 
4892.000000	100.430297 
4890.000000	100.455474 
4888.000000	100.439453 
4886.000000	100.411224 
4884.000000	100.407028 
4882.000000	100.411224 
4880.000000	100.437927 
4878.000000	100.436782 
4876.000000	100.379943 
4874.000000	100.337600 
4872.000000	100.334930 
4870.000000	100.347900 
4868.000000	100.365066 
4866.000000	100.368881 
4864.000000	100.386047 
4862.000000	100.409698 
4860.000000	100.401306 
4858.000000	100.393295 
4856.000000	100.410842 
4854.000000	100.457000 
4852.000000	100.434875 
4850.000000	100.381851 
4848.000000	100.396347 
4846.000000	100.420379 
4844.000000	100.396347 
4842.000000	100.414657 
4840.000000	100.448989 
4838.000000	100.450515 
4836.000000	100.454711 
4834.000000	100.423049 
4832.000000	100.385284 
4830.000000	100.402450 
4828.000000	100.424575 
4826.000000	100.409698 
4824.000000	100.408172 
4822.000000	100.430679 
4820.000000	100.436782 
4818.000000	100.393295 
4816.000000	100.362777 
4814.000000	100.432205 
4812.000000	100.464248 
4810.000000	100.448226 
4808.000000	100.442886 
4806.000000	100.433731 
4804.000000	100.431060 
4802.000000	100.436782 
4800.000000	100.437545 
4798.000000	100.421905 
4796.000000	100.397109 
4794.000000	100.410079 
4792.000000	100.436401 
4790.000000	100.407409 
4788.000000	100.404357 
4786.000000	100.421905 
4784.000000	100.426483 
4782.000000	100.415420 
4780.000000	100.404739 
4778.000000	100.408172 
4776.000000	100.373840 
4774.000000	100.346374 
4772.000000	100.397491 
4770.000000	100.415420 
4768.000000	100.387191 
4766.000000	100.372695 
4764.000000	100.391769 
4762.000000	100.454330 
4760.000000	100.428771 
4758.000000	100.386047 
4756.000000	100.373458 
4754.000000	100.356674 
4752.000000	100.371551 
4750.000000	100.421905 
4748.000000	100.423049 
4746.000000	100.400161 
4744.000000	100.394058 
4742.000000	100.403976 
4740.000000	100.421905 
4738.000000	100.399780 
4736.000000	100.373840 
4734.000000	100.394439 
4732.000000	100.417709 
4730.000000	100.422668 
4728.000000	100.396347 
4726.000000	100.390243 
4724.000000	100.432586 
4722.000000	100.407791 
4720.000000	100.374221 
4718.000000	100.403213 
4716.000000	100.413131 
4714.000000	100.400543 
4712.000000	100.407791 
4710.000000	100.407791 
4708.000000	100.386810 
4706.000000	100.396347 
4704.000000	100.415039 
4702.000000	100.397109 
4700.000000	100.356674 
4698.000000	100.339508 
4696.000000	100.353240 
4694.000000	100.358581 
4692.000000	100.365447 
4690.000000	100.354385 
4688.000000	100.321578 
4686.000000	100.358200 
4684.000000	100.389480 
4682.000000	100.389099 
4680.000000	100.408554 
4678.000000	100.406646 
4676.000000	100.391769 
4674.000000	100.396347 
4672.000000	100.428390 
4670.000000	100.439071 
4668.000000	100.389480 
4666.000000	100.365066 
4664.000000	100.391387 
4662.000000	100.403594 
4660.000000	100.391387 
4658.000000	100.365447 
4656.000000	100.358581 
4654.000000	100.361633 
4652.000000	100.361633 
4650.000000	100.354766 
4648.000000	100.352859 
4646.000000	100.377655 
4644.000000	100.411987 
4642.000000	100.437164 
4640.000000	100.400543 
4638.000000	100.356292 
4636.000000	100.342178 
4634.000000	100.402069 
4632.000000	100.415802 
4630.000000	100.348663 
4628.000000	100.334548 
4626.000000	100.349426 
4624.000000	100.351715 
4622.000000	100.359344 
4620.000000	100.354003 
4618.000000	100.342559 
4616.000000	100.357818 
4614.000000	100.369262 
4612.000000	100.359344 
4610.000000	100.364303 
4608.000000	100.388717 
4606.000000	100.405120 
4604.000000	100.362396 
4602.000000	100.337982 
4600.000000	100.377655 
4598.000000	100.377273 
4596.000000	100.336837 
4594.000000	100.370788 
4592.000000	100.373840 
4590.000000	100.331115 
4588.000000	100.340270 
4586.000000	100.366592 
4584.000000	100.378417 
4582.000000	100.402450 
4580.000000	100.391387 
4578.000000	100.351715 
4576.000000	100.355911 
4574.000000	100.381851 
4572.000000	100.408172 
4570.000000	100.411224 
4568.000000	100.398635 
4566.000000	100.401687 
4564.000000	100.408554 
4562.000000	100.407409 
4560.000000	100.364303 
4558.000000	100.331497 
4556.000000	100.354003 
4554.000000	100.368499 
4552.000000	100.381088 
4550.000000	100.397491 
4548.000000	100.379943 
4546.000000	100.360870 
4544.000000	100.381088 
4542.000000	100.410842 
4540.000000	100.383377 
4538.000000	100.338745 
4536.000000	100.341415 
4534.000000	100.380706 
4532.000000	100.419616 
4530.000000	100.411987 
4528.000000	100.365066 
4526.000000	100.358200 
4524.000000	100.387191 
4522.000000	100.393676 
4520.000000	100.365447 
4518.000000	100.348281 
4516.000000	100.361633 
4514.000000	100.365066 
4512.000000	100.355148 
4510.000000	100.363540 
4508.000000	100.383758 
4506.000000	100.396728 
4504.000000	100.371932 
4502.000000	100.353622 
4500.000000	100.365447 
4498.000000	100.391387 
4496.000000	100.410842 
4494.000000	100.395584 
4492.000000	100.357437 
4490.000000	100.349807 
4488.000000	100.394821 
4486.000000	100.403594 
4484.000000	100.380325 
4482.000000	100.344085 
4480.000000	100.356292 
4478.000000	100.368118 
4476.000000	100.319671 
4474.000000	100.323104 
4472.000000	100.350189 
4470.000000	100.369644 
4468.000000	100.347518 
4466.000000	100.315856 
4464.000000	100.306701 
4462.000000	100.308609 
4460.000000	100.339126 
4458.000000	100.342941 
4456.000000	100.356674 
4454.000000	100.391387 
4452.000000	100.382614 
4450.000000	100.331878 
4448.000000	100.310516 
4446.000000	100.327301 
4444.000000	100.343322 
4442.000000	100.358963 
4440.000000	100.390243 
4438.000000	100.406265 
4436.000000	100.393295 
4434.000000	100.374603 
4432.000000	100.354385 
4430.000000	100.342559 
4428.000000	100.348281 
4426.000000	100.337219 
4424.000000	100.325775 
4422.000000	100.350570 
4420.000000	100.388336 
4418.000000	100.389099 
4416.000000	100.346374 
4414.000000	100.332641 
4412.000000	100.354003 
4410.000000	100.363922 
4408.000000	100.365066 
4406.000000	100.380325 
4404.000000	100.377273 
4402.000000	100.344848 
4400.000000	100.336456 
4398.000000	100.343322 
4396.000000	100.366592 
4394.000000	100.392532 
4392.000000	100.385665 
4390.000000	100.338363 
4388.000000	100.312805 
4386.000000	100.347518 
4384.000000	100.379180 
4382.000000	100.366592 
4380.000000	100.352859 
4378.000000	100.347518 
4376.000000	100.362777 
4374.000000	100.379943 
4372.000000	100.363540 
4370.000000	100.349044 
4368.000000	100.346755 
4366.000000	100.349807 
4364.000000	100.355148 
4362.000000	100.359725 
4360.000000	100.351715 
4358.000000	100.345993 
4356.000000	100.345611 
4354.000000	100.358963 
4352.000000	100.358963 
4350.000000	100.351715 
4348.000000	100.362777 
4346.000000	100.390625 
4344.000000	100.388717 
4342.000000	100.350570 
4340.000000	100.334930 
4338.000000	100.367736 
4336.000000	100.388717 
4334.000000	100.372314 
4332.000000	100.365066 
4330.000000	100.355911 
4328.000000	100.362014 
4326.000000	100.391769 
4324.000000	100.383758 
4322.000000	100.344085 
4320.000000	100.325393 
4318.000000	100.335693 
4316.000000	100.342941 
4314.000000	100.331878 
4312.000000	100.315475 
4310.000000	100.333786 
4308.000000	100.346755 
4306.000000	100.328445 
4304.000000	100.310516 
4302.000000	100.322341 
4300.000000	100.341796 
4298.000000	100.341796 
4296.000000	100.338363 
4294.000000	100.347518 
4292.000000	100.348281 
4290.000000	100.353622 
4288.000000	100.342941 
4286.000000	100.307464 
4284.000000	100.289535 
4282.000000	100.302124 
4280.000000	100.319290 
4278.000000	100.329589 
4276.000000	100.337600 
4274.000000	100.324249 
4272.000000	100.300216 
4270.000000	100.323867 
4268.000000	100.346374 
4266.000000	100.334930 
4264.000000	100.324630 
4262.000000	100.324630 
4260.000000	100.324630 
4258.000000	100.313568 
4256.000000	100.294494 
4254.000000	100.317001 
4252.000000	100.336456 
4250.000000	100.326919 
4248.000000	100.312042 
4246.000000	100.309753 
4244.000000	100.334930 
4242.000000	100.357818 
4240.000000	100.374984 
4238.000000	100.368881 
4236.000000	100.329971 
4234.000000	100.323486 
4232.000000	100.352859 
4230.000000	100.364685 
4228.000000	100.337600 
4226.000000	100.329971 
4224.000000	100.329971 
4222.000000	100.314331 
4220.000000	100.313949 
4218.000000	100.320816 
4216.000000	100.329589 
4214.000000	100.336074 
4212.000000	100.325775 
4210.000000	100.319290 
4208.000000	100.345993 
4206.000000	100.342178 
4204.000000	100.315475 
4202.000000	100.303268 
4200.000000	100.319671 
4198.000000	100.339508 
4196.000000	100.337600 
4194.000000	100.337219 
4192.000000	100.320434 
4190.000000	100.304412 
4188.000000	100.326919 
4186.000000	100.345230 
4184.000000	100.344848 
4182.000000	100.328826 
4180.000000	100.316619 
4178.000000	100.332260 
4176.000000	100.335693 
4174.000000	100.304412 
4172.000000	100.297546 
4170.000000	100.313568 
4168.000000	100.310134 
4166.000000	100.304031 
4164.000000	100.314331 
4162.000000	100.330352 
4160.000000	100.329589 
4158.000000	100.311660 
4156.000000	100.302886 
4154.000000	100.306701 
4152.000000	100.300598 
4150.000000	100.268554 
4148.000000	100.257873 
4146.000000	100.286483 
4144.000000	100.320816 
4142.000000	100.325012 
4140.000000	100.321197 
4138.000000	100.320053 
4136.000000	100.317382 
4134.000000	100.301742 
4132.000000	100.302886 
4130.000000	100.319671 
4128.000000	100.305175 
4126.000000	100.291061 
4124.000000	100.313568 
4122.000000	100.343704 
4120.000000	100.347518 
4118.000000	100.353240 
4116.000000	100.361251 
4114.000000	100.324630 
4112.000000	100.299453 
4110.000000	100.312423 
4108.000000	100.297164 
4106.000000	100.274276 
4104.000000	100.285339 
4102.000000	100.308227 
4100.000000	100.310134 
4098.000000	100.291442 
4096.000000	100.285720 
4094.000000	100.305175 
4092.000000	100.303268 
4090.000000	100.303649 
4088.000000	100.304031 
4086.000000	100.295639 
4084.000000	100.311660 
4082.000000	100.315856 
4080.000000	100.281906 
4078.000000	100.263977 
4076.000000	100.271606 
4074.000000	100.306701 
4072.000000	100.321197 
4070.000000	100.314712 
4068.000000	100.329208 
4066.000000	100.330352 
4064.000000	100.301361 
4062.000000	100.266265 
4060.000000	100.262832 
4058.000000	100.288772 
4056.000000	100.310516 
4054.000000	100.309371 
4052.000000	100.301361 
4050.000000	100.309371 
4048.000000	100.315856 
4046.000000	100.278472 
4044.000000	100.246429 
4042.000000	100.275421 
4040.000000	100.313949 
4038.000000	100.310897 
4036.000000	100.308609 
4034.000000	100.298309 
4032.000000	100.279998 
4030.000000	100.288772 
4028.000000	100.293731 
4026.000000	100.254821 
4024.000000	100.243759 
4022.000000	100.266265 
4020.000000	100.257873 
4018.000000	100.245285 
4016.000000	100.243377 
4014.000000	100.239181 
4012.000000	100.244903 
4010.000000	100.249481 
4008.000000	100.232315 
4006.000000	100.220870 
4004.000000	100.233840 
4002.000000	100.261306 
4000.000000	100.281524 
3998.000000	100.258255 
3996.000000	100.215530 
3994.000000	100.214004 
3992.000000	100.243759 
3990.000000	100.240325 
3988.000000	100.248336 
3986.000000	100.270462 
3984.000000	100.257492 
3982.000000	100.229644 
3980.000000	100.223922 
3978.000000	100.201416 
3976.000000	100.165176 
3974.000000	100.144577 
3972.000000	100.154876 
3970.000000	100.173568 
3968.000000	100.205993 
3966.000000	100.234603 
3964.000000	100.203323 
3962.000000	100.139617 
3960.000000	100.136566 
3958.000000	100.161743 
3956.000000	100.143814 
3954.000000	100.130462 
3952.000000	100.083160 
3950.000000	99.941253  
3948.000000	99.919891  
3946.000000	99.999237  
3944.000000	99.952697  
3942.000000	99.987411  
3940.000000	100.135040 
3938.000000	100.195693 
3936.000000	100.154113 
3934.000000	99.986267  
3932.000000	99.828720  
3930.000000	99.865341  
3928.000000	99.949645  
3926.000000	99.844741  
3924.000000	99.777603  
3922.000000	99.869537  
3920.000000	99.869918  
3918.000000	99.766921  
3916.000000	99.839401  
3914.000000	100.080108 
3912.000000	100.201034 
3910.000000	100.203704 
3908.000000	100.040435 
3906.000000	99.612426  
3904.000000	99.199295  
3902.000000	99.124145  
3900.000000	99.251556  
3898.000000	99.609375  
3896.000000	99.861145  
3894.000000	99.730682  
3892.000000	99.536895  
3890.000000	99.695968  
3888.000000	99.768829  
3886.000000	99.593734  
3884.000000	99.496459  
3882.000000	99.412918  
3880.000000	99.532699  
3878.000000	99.820709  
3876.000000	99.780273  
3874.000000	99.497604  
3872.000000	99.199295  
3870.000000	99.057388  
3868.000000	99.291610  
3866.000000	99.241256  
3864.000000	99.150848  
3862.000000	99.439620  
3860.000000	99.702453  
3858.000000	99.595260  
3856.000000	99.188995  
3854.000000	98.591232  
3852.000000	98.678588  
3850.000000	99.349212  
3848.000000	99.771881  
3846.000000	99.809265  
3844.000000	99.555587  
3842.000000	99.229812  
3840.000000	98.865890  
3838.000000	98.698806  
3836.000000	98.957061  
3834.000000	99.276351  
3832.000000	99.489212  
3830.000000	99.631118  
3828.000000	99.550247  
3826.000000	99.488830  
3824.000000	99.377059  
3822.000000	98.964691  
3820.000000	98.853302  
3818.000000	99.024581  
3816.000000	99.188995  
3814.000000	99.636459  
3812.000000	99.956512  
3810.000000	99.921798  
3808.000000	99.601745  
3806.000000	99.423980  
3804.000000	99.234390  
3802.000000	98.868942  
3800.000000	99.018859  
3798.000000	99.261856  
3796.000000	99.537658  
3794.000000	99.905014  
3792.000000	100.106048 
3790.000000	100.158691 
3788.000000	100.062942 
3786.000000	99.851989  
3784.000000	99.812698  
3782.000000	99.840545  
3780.000000	99.720001  
3778.000000	99.798583  
3776.000000	100.014495 
3774.000000	100.052642 
3772.000000	99.841690  
3770.000000	99.595642  
3768.000000	99.569702  
3766.000000	99.620437  
3764.000000	99.767684  
3762.000000	99.720001  
3760.000000	99.428176  
3758.000000	99.291610  
3756.000000	99.314117  
3754.000000	99.058532  
3752.000000	98.362731  
3750.000000	97.959899  
3748.000000	98.110580  
3746.000000	98.093414  
3744.000000	98.088073  
3742.000000	98.130798  
3740.000000	97.925949  
3738.000000	97.361373  
3736.000000	96.442794  
3734.000000	95.988464  
3732.000000	96.199798  
3730.000000	96.405410  
3728.000000	96.280670  
3726.000000	96.142959  
3724.000000	96.321105  
3722.000000	96.826934  
3720.000000	97.578811  
3718.000000	98.374557  
3716.000000	98.859786  
3714.000000	98.666000  
3712.000000	97.733306  
3710.000000	97.155380  
3708.000000	97.441482  
3706.000000	97.674560  
3704.000000	97.659683  
3702.000000	97.663116  
3700.000000	97.806930  
3698.000000	97.955703  
3696.000000	98.061370  
3694.000000	98.008728  
3692.000000	97.717285  
3690.000000	97.579193  
3688.000000	98.110580  
3686.000000	98.742675  
3684.000000	99.095916  
3682.000000	99.179840  
3680.000000	99.002456  
3678.000000	98.610687  
3676.000000	98.242187  
3674.000000	98.575210  
3672.000000	98.714828  
3670.000000	98.704147  
3668.000000	99.264907  
3666.000000	99.769210  
3664.000000	99.979782  
3662.000000	99.996185  
3660.000000	99.934768  
3658.000000	99.749374  
3656.000000	99.566650  
3654.000000	99.510192  
3652.000000	99.098968  
3650.000000	98.269271  
3648.000000	98.119354  
3646.000000	98.883819  
3644.000000	99.340438  
3642.000000	99.414825  
3640.000000	99.325180  
3638.000000	99.151229  
3636.000000	98.875045  
3634.000000	98.450851  
3632.000000	97.979736  
3630.000000	97.344207  
3628.000000	97.053909  
3626.000000	97.478103  
3624.000000	97.813034  
3622.000000	97.918701  
3620.000000	97.896575  
3618.000000	98.075866  
3616.000000	98.394393  
3614.000000	98.628997  
3612.000000	98.813247  
3610.000000	98.678588  
3608.000000	98.348236  
3606.000000	98.376083  
3604.000000	98.449707  
3602.000000	98.218536  
3600.000000	98.002243  
3598.000000	98.066711  
3596.000000	98.052215  
3594.000000	98.087692  
3592.000000	98.403549  
3590.000000	98.526000  
3588.000000	98.386383  
3586.000000	98.596191  
3584.000000	99.050903  
3582.000000	99.353027  
3580.000000	99.505996  
3578.000000	99.581527  
3576.000000	99.642944  
3574.000000	99.713897  
3572.000000	99.725723  
3570.000000	99.522399  
3568.000000	99.026870  
3566.000000	98.859405  
3564.000000	99.255752  
3562.000000	99.578857  
3560.000000	99.771118  
3558.000000	99.901580  
3556.000000	99.927520  
3554.000000	99.821853  
3552.000000	99.758148  
3550.000000	99.815750  
3548.000000	99.742126  
3546.000000	99.593734  
3544.000000	99.676513  
3542.000000	99.942398  
3540.000000	100.082015 
3538.000000	100.051498 
3536.000000	100.031280 
3534.000000	100.101470 
3532.000000	100.047302 
3530.000000	99.863433  
3528.000000	99.753189  
3526.000000	99.761199  
3524.000000	99.772644  
3522.000000	99.856185  
3520.000000	99.974441  
3518.000000	100.058364 
3516.000000	100.126266 
3514.000000	100.132751 
3512.000000	100.062179 
3510.000000	99.979019  
3508.000000	99.982070  
3506.000000	99.964904  
3504.000000	99.851608  
3502.000000	99.851226  
3500.000000	99.992752  
3498.000000	100.062561 
3496.000000	100.086212 
3494.000000	100.111007 
3492.000000	100.127792 
3490.000000	100.111007 
3488.000000	100.073242 
3486.000000	100.090789 
3484.000000	100.047683 
3482.000000	99.979400  
3480.000000	100.013732 
3478.000000	100.102615 
3476.000000	100.134277 
3474.000000	100.128936 
3472.000000	100.138473 
3470.000000	100.153732 
3468.000000	100.148010 
3466.000000	100.143432 
3464.000000	100.114822 
3462.000000	100.088882 
3460.000000	100.115203 
3458.000000	100.144958 
3456.000000	100.165939 
3454.000000	100.177764 
3452.000000	100.179290 
3450.000000	100.115203 
3448.000000	99.982070  
3446.000000	99.970626  
3444.000000	100.047302 
3442.000000	100.119018 
3440.000000	100.154876 
3438.000000	100.151062 
3436.000000	100.158309 
3434.000000	100.152969 
3432.000000	100.134658 
3430.000000	100.146484 
3428.000000	100.164413 
3426.000000	100.162124 
3424.000000	100.120925 
3422.000000	100.072860 
3420.000000	100.087738 
3418.000000	100.154876 
3416.000000	100.187301 
3414.000000	100.182342 
3412.000000	100.199127 
3410.000000	100.207138 
3408.000000	100.189590 
3406.000000	100.173187 
3404.000000	100.144577 
3402.000000	100.141143 
3400.000000	100.144195 
3398.000000	100.113296 
3396.000000	100.103759 
3394.000000	100.097274 
3392.000000	100.099945 
3390.000000	100.126266 
3388.000000	100.138854 
3386.000000	100.125503 
3384.000000	100.124359 
3382.000000	100.133514 
3380.000000	100.139999 
3378.000000	100.141525 
3376.000000	100.151824 
3374.000000	100.165939 
3372.000000	100.168609 
3370.000000	100.167846 
3368.000000	100.145339 
3366.000000	100.120162 
3364.000000	100.134277 
3362.000000	100.154113 
3360.000000	100.162124 
3358.000000	100.151824 
3356.000000	100.127792 
3354.000000	100.127792 
3352.000000	100.154495 
3350.000000	100.178909 
3348.000000	100.186538 
3346.000000	100.189971 
3344.000000	100.187301 
3342.000000	100.189208 
3340.000000	100.189971 
3338.000000	100.165557 
3336.000000	100.144577 
3334.000000	100.150680 
3332.000000	100.175476 
3330.000000	100.176620 
3328.000000	100.142288 
3326.000000	100.139236 
3324.000000	100.177383 
3322.000000	100.206375 
3320.000000	100.196838 
3318.000000	100.190353 
3316.000000	100.173187 
3314.000000	100.140762 
3312.000000	100.136184 
3310.000000	100.132369 
3308.000000	100.134277 
3306.000000	100.160217 
3304.000000	100.180435 
3302.000000	100.186920 
3300.000000	100.179290 
3298.000000	100.166702 
3296.000000	100.165939 
3294.000000	100.161361 
3292.000000	100.145721 
3290.000000	100.148010 
3288.000000	100.168991 
3286.000000	100.176620 
3284.000000	100.151443 
3282.000000	100.158691 
3280.000000	100.172805 
3278.000000	100.143432 
3276.000000	100.114440 
3274.000000	100.104522 
3272.000000	100.142288 
3270.000000	100.172042 
3268.000000	100.180435 
3266.000000	100.181961 
3264.000000	100.177764 
3262.000000	100.163269 
3260.000000	100.153350 
3258.000000	100.153350 
3256.000000	100.143051 
3254.000000	100.139999 
3252.000000	100.152206 
3250.000000	100.166702 
3248.000000	100.171279 
3246.000000	100.138473 
3244.000000	100.114059 
3242.000000	100.134658 
3240.000000	100.156784 
3238.000000	100.170516 
3236.000000	100.182342 
3234.000000	100.176620 
3232.000000	100.166702 
3230.000000	100.156402 
3228.000000	100.144195 
3226.000000	100.156784 
3224.000000	100.172042 
3222.000000	100.162506 
3220.000000	100.136566 
3218.000000	100.120925 
3216.000000	100.111007 
3214.000000	100.099563 
3212.000000	100.113296 
3210.000000	100.123596 
3208.000000	100.141906 
3206.000000	100.158309 
3204.000000	100.155258 
3202.000000	100.161361 
3200.000000	100.171279 
3198.000000	100.157928 
3196.000000	100.137329 
3194.000000	100.143432 
3192.000000	100.161743 
3190.000000	100.165176 
3188.000000	100.165557 
3186.000000	100.154113 
3184.000000	100.160598 
3182.000000	100.175476 
3180.000000	100.165557 
3178.000000	100.155258 
3176.000000	100.168991 
3174.000000	100.174713 
3172.000000	100.177383 
3170.000000	100.187683 
3168.000000	100.185012 
3166.000000	100.165557 
3164.000000	100.150680 
3162.000000	100.157546 
3160.000000	100.180053 
3158.000000	100.178527 
3156.000000	100.168991 
3154.000000	100.165557 
3152.000000	100.166320 
3150.000000	100.162124 
3148.000000	100.159835 
3146.000000	100.156021 
3144.000000	100.146484 
3142.000000	100.154876 
3140.000000	100.165939 
3138.000000	100.162887 
3136.000000	100.151443 
3134.000000	100.117874 
3132.000000	100.117111 
3130.000000	100.141143 
3128.000000	100.127029 
3126.000000	100.117492 
3124.000000	100.120544 
3122.000000	100.124359 
3120.000000	100.121688 
3118.000000	100.111007 
3116.000000	100.104141 
3114.000000	100.121688 
3112.000000	100.143814 
3110.000000	100.162506 
3108.000000	100.165557 
3106.000000	100.172424 
3104.000000	100.151824 
3102.000000	100.108718 
3100.000000	100.105285 
3098.000000	100.117111 
3096.000000	100.106048 
3094.000000	100.129318 
3092.000000	100.177001 
3090.000000	100.186920 
3088.000000	100.157546 
3086.000000	100.140380 
3084.000000	100.148391 
3082.000000	100.125885 
3080.000000	100.108337 
3078.000000	100.137329 
3076.000000	100.165176 
3074.000000	100.163650 
3072.000000	100.148773 
3070.000000	100.150299 
3068.000000	100.121688 
3066.000000	100.070571 
3064.000000	100.085830 
3062.000000	100.135803 
3060.000000	100.146865 
3058.000000	100.139617 
3056.000000	100.119781 
3054.000000	100.122070 
3052.000000	100.144958 
3050.000000	100.157165 
3048.000000	100.168609 
3046.000000	100.172805 
3044.000000	100.162887 
3042.000000	100.173568 
3040.000000	100.179672 
3038.000000	100.175857 
3036.000000	100.167465 
3034.000000	100.136566 
3032.000000	100.108718 
3030.000000	100.127410 
3028.000000	100.160598 
3026.000000	100.163269 
3024.000000	100.151824 
3022.000000	100.139617 
3020.000000	100.144958 
3018.000000	100.154495 
3016.000000	100.138473 
3014.000000	100.123214 
3012.000000	100.122833 
3010.000000	100.133514 
3008.000000	100.153350 
3006.000000	100.143432 
3004.000000	100.122070 
3002.000000	100.128555 
3000.000000	100.159835 
2998.000000	100.181198 
2996.000000	100.169754 
2994.000000	100.132369 
2992.000000	100.119400 
2990.000000	100.125503 
2988.000000	100.126266 
2986.000000	100.137329 
2984.000000	100.142288 
2982.000000	100.127792 
2980.000000	100.132369 
2978.000000	100.143051 
2976.000000	100.135803 
2974.000000	100.133895 
2972.000000	100.149154 
2970.000000	100.138854 
2968.000000	100.123977 
2966.000000	100.122070 
2964.000000	100.112152 
2962.000000	100.118637 
2960.000000	100.142288 
2958.000000	100.144195 
2956.000000	100.140380 
2954.000000	100.148773 
2952.000000	100.157928 
2950.000000	100.160598 
2948.000000	100.154876 
2946.000000	100.139617 
2944.000000	100.117111 
2942.000000	100.123214 
2940.000000	100.135421 
2938.000000	100.155258 
2936.000000	100.160217 
2934.000000	100.143814 
2932.000000	100.139617 
2930.000000	100.146102 
2928.000000	100.152587 
2926.000000	100.163650 
2924.000000	100.168609 
2922.000000	100.161361 
2920.000000	100.135803 
2918.000000	100.122833 
2916.000000	100.122070 
2914.000000	100.119781 
2912.000000	100.136184 
2910.000000	100.157165 
2908.000000	100.149154 
2906.000000	100.139999 
2904.000000	100.140380 
2902.000000	100.139999 
2900.000000	100.148010 
2898.000000	100.166320 
2896.000000	100.159454 
2894.000000	100.144577 
2892.000000	100.136947 
2890.000000	100.132751 
2888.000000	100.142288 
2886.000000	100.156021 
2884.000000	100.146102 
2882.000000	100.131225 
2880.000000	100.127029 
2878.000000	100.120162 
2876.000000	100.139236 
2874.000000	100.160980 
2872.000000	100.146484 
2870.000000	100.133514 
2868.000000	100.142288 
2866.000000	100.156784 
2864.000000	100.138473 
2862.000000	100.117874 
2860.000000	100.133514 
2858.000000	100.149154 
2856.000000	100.143051 
2854.000000	100.136184 
2852.000000	100.146102 
2850.000000	100.153732 
2848.000000	100.143814 
2846.000000	100.132369 
2844.000000	100.131225 
2842.000000	100.132751 
2840.000000	100.137329 
2838.000000	100.142288 
2836.000000	100.127410 
2834.000000	100.133514 
2832.000000	100.137329 
2830.000000	100.119781 
2828.000000	100.121688 
2826.000000	100.136184 
2824.000000	100.145339 
2822.000000	100.151824 
2820.000000	100.147628 
2818.000000	100.132369 
2816.000000	100.128555 
2814.000000	100.128555 
2812.000000	100.119781 
2810.000000	100.120544 
2808.000000	100.128936 
2806.000000	100.128936 
2804.000000	100.131607 
2802.000000	100.133514 
2800.000000	100.128936 
2798.000000	100.120925 
2796.000000	100.121688 
2794.000000	100.126647 
2792.000000	100.115966 
2790.000000	100.116348 
2788.000000	100.130081 
2786.000000	100.124359 
2784.000000	100.120544 
2782.000000	100.122070 
2780.000000	100.120162 
2778.000000	100.119781 
2776.000000	100.130081 
2774.000000	100.138854 
2772.000000	100.142288 
2770.000000	100.144958 
2768.000000	100.127410 
2766.000000	100.122833 
2764.000000	100.134658 
2762.000000	100.137710 
2760.000000	100.137329 
2758.000000	100.131607 
2756.000000	100.118637 
2754.000000	100.111389 
2752.000000	100.106811 
2750.000000	100.104522 
2748.000000	100.127792 
2746.000000	100.149917 
2744.000000	100.149536 
2742.000000	100.139999 
2740.000000	100.127410 
2738.000000	100.130081 
2736.000000	100.140380 
2734.000000	100.146865 
2732.000000	100.148773 
2730.000000	100.139999 
2728.000000	100.139236 
2726.000000	100.131607 
2724.000000	100.123214 
2722.000000	100.123977 
2720.000000	100.120162 
2718.000000	100.110244 
2716.000000	100.111389 
2714.000000	100.133514 
2712.000000	100.148391 
2710.000000	100.136184 
2708.000000	100.122070 
2706.000000	100.120544 
2704.000000	100.115203 
2702.000000	100.120162 
2700.000000	100.130081 
2698.000000	100.123977 
2696.000000	100.125885 
2694.000000	100.132751 
2692.000000	100.123596 
2690.000000	100.111389 
2688.000000	100.111007 
2686.000000	100.114059 
2684.000000	100.117492 
2682.000000	100.117111 
2680.000000	100.122070 
2678.000000	100.126647 
2676.000000	100.127410 
2674.000000	100.129318 
2672.000000	100.125885 
2670.000000	100.127792 
2668.000000	100.131607 
2666.000000	100.125122 
2664.000000	100.117492 
2662.000000	100.119018 
2660.000000	100.129699 
2658.000000	100.132751 
2656.000000	100.130081 
2654.000000	100.123977 
2652.000000	100.105667 
2650.000000	100.097656 
2648.000000	100.109100 
2646.000000	100.114059 
2644.000000	100.118637 
2642.000000	100.130462 
2640.000000	100.120544 
2638.000000	100.109100 
2636.000000	100.113296 
2634.000000	100.127792 
2632.000000	100.131225 
2630.000000	100.115203 
2628.000000	100.117874 
2626.000000	100.125503 
2624.000000	100.122833 
2622.000000	100.115585 
2620.000000	100.120925 
2618.000000	100.128173 
2616.000000	100.124740 
2614.000000	100.127410 
2612.000000	100.117111 
2610.000000	100.102996 
2608.000000	100.116348 
2606.000000	100.132751 
2604.000000	100.126647 
2602.000000	100.126266 
2600.000000	100.128173 
2598.000000	100.120544 
2596.000000	100.128555 
2594.000000	100.139617 
2592.000000	100.146102 
2590.000000	100.139999 
2588.000000	100.126647 
2586.000000	100.112533 
2584.000000	100.117492 
2582.000000	100.120925 
2580.000000	100.108337 
2578.000000	100.102996 
2576.000000	100.109481 
2574.000000	100.120162 
2572.000000	100.119400 
2570.000000	100.126266 
2568.000000	100.124740 
2566.000000	100.101470 
2564.000000	100.090026 
2562.000000	100.107955 
2560.000000	100.125885 
2558.000000	100.128555 
2556.000000	100.120544 
2554.000000	100.120162 
2552.000000	100.130462 
2550.000000	100.130081 
2548.000000	100.126647 
2546.000000	100.125122 
2544.000000	100.127410 
2542.000000	100.125885 
2540.000000	100.119781 
2538.000000	100.115966 
2536.000000	100.113677 
2534.000000	100.110244 
2532.000000	100.116729 
2530.000000	100.125503 
2528.000000	100.125503 
2526.000000	100.119781 
2524.000000	100.119018 
2522.000000	100.120544 
2520.000000	100.118255 
2518.000000	100.116348 
2516.000000	100.120544 
2514.000000	100.113677 
2512.000000	100.114059 
2510.000000	100.113677 
2508.000000	100.125885 
2506.000000	100.139999 
2504.000000	100.137710 
2502.000000	100.124359 
2500.000000	100.127410 
2498.000000	100.133132 
2496.000000	100.117874 
2494.000000	100.106811 
2492.000000	100.115585 
2490.000000	100.133895 
2488.000000	100.135803 
2486.000000	100.131988 
2484.000000	100.119400 
2482.000000	100.104904 
2480.000000	100.109863 
2478.000000	100.114822 
2476.000000	100.119018 
2474.000000	100.120544 
2472.000000	100.112533 
2470.000000	100.114059 
2468.000000	100.113677 
2466.000000	100.116729 
2464.000000	100.125503 
2462.000000	100.128173 
2460.000000	100.123214 
2458.000000	100.120925 
2456.000000	100.125503 
2454.000000	100.115203 
2452.000000	100.117874 
2450.000000	100.133132 
2448.000000	100.131988 
2446.000000	100.133895 
2444.000000	100.131988 
2442.000000	100.128555 
2440.000000	100.139999 
2438.000000	100.145721 
2436.000000	100.131607 
2434.000000	100.109481 
2432.000000	100.104904 
2430.000000	100.100708 
2428.000000	100.098800 
2426.000000	100.107574 
2424.000000	100.105285 
2422.000000	100.106048 
2420.000000	100.120544 
2418.000000	100.125503 
2416.000000	100.111770 
2414.000000	100.100708 
2412.000000	100.115203 
2410.000000	100.132369 
2408.000000	100.130081 
2406.000000	100.120544 
2404.000000	100.107574 
2402.000000	100.108337 
2400.000000	100.108718 
2398.000000	100.101852 
2396.000000	100.099182 
2394.000000	100.101089 
2392.000000	100.072097 
2390.000000	99.932479  
2388.000000	99.560546  
2386.000000	98.709487  
2384.000000	97.061157  
2382.000000	94.559478  
2380.000000	91.491699  
2378.000000	88.140487  
2376.000000	84.457015  
2374.000000	80.303192  
2372.000000	75.868606  
2370.000000	71.469116  
2368.000000	67.308807  
2366.000000	63.704299  
2364.000000	60.961532  
2362.000000	59.344482  
2360.000000	58.816909  
2358.000000	59.620666  
2356.000000	62.175369  
2354.000000	66.238403  
2352.000000	71.316146  
2350.000000	76.176834  
2348.000000	77.189636  
2346.000000	73.704910  
2344.000000	69.467926  
2342.000000	67.812728  
2340.000000	68.175888  
2338.000000	68.976593  
2336.000000	69.732284  
2334.000000	70.505905  
2332.000000	70.960617  
2330.000000	71.569061  
2328.000000	72.734832  
2326.000000	74.253082  
2324.000000	75.779342  
2322.000000	77.484893  
2320.000000	79.684829  
2318.000000	82.129287  
2316.000000	84.167861  
2314.000000	85.441589  
2312.000000	86.333847  
2310.000000	87.487792  
2308.000000	89.013290  
2306.000000	90.694046  
2304.000000	92.103195  
2302.000000	93.000030  
2300.000000	93.750762  
2298.000000	94.523239  
2296.000000	95.250320  
2294.000000	95.959091  
2292.000000	96.691131  
2290.000000	97.378540  
2288.000000	98.017501  
2286.000000	98.649215  
2284.000000	99.126434  
2282.000000	99.232864  
2280.000000	99.066162  
2278.000000	98.881530  
2276.000000	98.743057  
2274.000000	98.649215  
2272.000000	98.629760  
2270.000000	98.651885  
2268.000000	98.691558  
2266.000000	98.753738  
2264.000000	98.843002  
2262.000000	98.954391  
2260.000000	99.083328  
2258.000000	99.211502  
2256.000000	99.330139  
2254.000000	99.450683  
2252.000000	99.553298  
2250.000000	99.642562  
2248.000000	99.723052  
2246.000000	99.807739  
2244.000000	99.882125  
2242.000000	99.931716  
2240.000000	99.969863  
2238.000000	99.999618  
2236.000000	100.027465 
2234.000000	100.043869 
2232.000000	100.056457 
2230.000000	100.068283 
2228.000000	100.072860 
2226.000000	100.084686 
2224.000000	100.090026 
2222.000000	100.081253 
2220.000000	100.080871 
2218.000000	100.082397 
2216.000000	100.089263 
2214.000000	100.105285 
2212.000000	100.112533 
2210.000000	100.111389 
2208.000000	100.096511 
2206.000000	100.093078 
2204.000000	100.110244 
2202.000000	100.112152 
2200.000000	100.102615 
2198.000000	100.101852 
2196.000000	100.117874 
2194.000000	100.122833 
2192.000000	100.108718 
2190.000000	100.093841 
2188.000000	100.102615 
2186.000000	100.116729 
2184.000000	100.103759 
2182.000000	100.083541 
2180.000000	100.093078 
2178.000000	100.098800 
2176.000000	100.085067 
2174.000000	100.088500 
2172.000000	100.096130 
2170.000000	100.089263 
2168.000000	100.086975 
2166.000000	100.083923 
2164.000000	100.080108 
2162.000000	100.082015 
2160.000000	100.083541 
2158.000000	100.083541 
2156.000000	100.087738 
2154.000000	100.099563 
2152.000000	100.103378 
2150.000000	100.098037 
2148.000000	100.104904 
2146.000000	100.109100 
2144.000000	100.103378 
2142.000000	100.090789 
2140.000000	100.072479 
2138.000000	100.071716 
2136.000000	100.076675 
2134.000000	100.082397 
2132.000000	100.085067 
2130.000000	100.084686 
2128.000000	100.090408 
2126.000000	100.107955 
2124.000000	100.113677 
2122.000000	100.098037 
2120.000000	100.081634 
2118.000000	100.083541 
2116.000000	100.092697 
2114.000000	100.098419 
2112.000000	100.099182 
2110.000000	100.091934 
2108.000000	100.095748 
2106.000000	100.106430 
2104.000000	100.094604 
2102.000000	100.075531 
2100.000000	100.078582 
2098.000000	100.095748 
2096.000000	100.092315 
2094.000000	100.078582 
2092.000000	100.070190 
2090.000000	100.051498 
2088.000000	100.050735 
2086.000000	100.067901 
2084.000000	100.085449 
2082.000000	100.085067 
2080.000000	100.067138 
2078.000000	100.041580 
2076.000000	100.048446 
2074.000000	100.072860 
2072.000000	100.089263 
2070.000000	100.091171 
2068.000000	100.080490 
2066.000000	100.036239 
2064.000000	100.017929 
2062.000000	100.051879 
2060.000000	100.082778 
2058.000000	100.085449 
2056.000000	100.080108 
2054.000000	100.080108 
2052.000000	100.091934 
2050.000000	100.101089 
2048.000000	100.094985 
2046.000000	100.091552 
2044.000000	100.079345 
2042.000000	100.048065 
2040.000000	100.046157 
2038.000000	100.070571 
2036.000000	100.078964 
2034.000000	100.083541 
2032.000000	100.091171 
2030.000000	100.090026 
2028.000000	100.077819 
2026.000000	100.071334 
2024.000000	100.068664 
2022.000000	100.066757 
2020.000000	100.028991 
2018.000000	99.946975  
2016.000000	99.960327  
2014.000000	100.044631 
2012.000000	100.073623 
2010.000000	100.068664 
2008.000000	100.064849 
2006.000000	100.073242 
2004.000000	100.076675 
2002.000000	100.070190 
2000.000000	100.064849 
1998.000000	100.067901 
1996.000000	100.065231 
1994.000000	99.973678  
1992.000000	99.876022  
1990.000000	99.922943  
1988.000000	99.992370  
1986.000000	100.046157 
1984.000000	100.074005 
1982.000000	100.084304 
1980.000000	100.090789 
1978.000000	100.086212 
1976.000000	100.094223 
1974.000000	100.097274 
1972.000000	100.082397 
1970.000000	100.035476 
1968.000000	99.909210  
1966.000000	99.903106  
1964.000000	100.021743 
1962.000000	100.061035 
1960.000000	100.073242 
1958.000000	100.074386 
1956.000000	100.045776 
1954.000000	100.033187 
1952.000000	100.065994 
1950.000000	100.078964 
1948.000000	100.045776 
1946.000000	99.945449  
1944.000000	99.792861  
1942.000000	99.755096  
1940.000000	99.949264  
1938.000000	100.071334 
1936.000000	100.070190 
1934.000000	100.049209 
1932.000000	100.047683 
1930.000000	100.058746 
1928.000000	100.060272 
1926.000000	100.021362 
1924.000000	99.837112  
1922.000000	99.766921  
1920.000000	99.826431  
1918.000000	99.782943  
1916.000000	99.910736  
1914.000000	100.027465 
1912.000000	99.974060  
1910.000000	99.848175  
1908.000000	99.863052  
1906.000000	99.968338  
1904.000000	100.020599 
1902.000000	100.046920 
1900.000000	100.057601 
1898.000000	100.016403 
1896.000000	99.904632  
1894.000000	99.903488  
1892.000000	99.931335  
1890.000000	99.801635  
1888.000000	99.854660  
1886.000000	99.983978  
1884.000000	99.997329  
1882.000000	100.024414 
1880.000000	100.048065 
1878.000000	100.057601 
1876.000000	100.066757 
1874.000000	100.051879 
1872.000000	99.920272  
1870.000000	99.517822  
1868.000000	99.275970  
1866.000000	99.633026  
1864.000000	99.927139  
1862.000000	99.986648  
1860.000000	99.983215  
1858.000000	99.993896  
1856.000000	100.035476 
1854.000000	100.045394 
1852.000000	100.031661 
1850.000000	99.963760  
1848.000000	99.787139  
1846.000000	99.540710  
1844.000000	99.382400  
1842.000000	99.687194  
1840.000000	99.929046  
1838.000000	99.902725  
1836.000000	99.905776  
1834.000000	99.960327  
1832.000000	99.756240  
1830.000000	99.386215  
1828.000000	99.485397  
1826.000000	99.620819  
1824.000000	99.695205  
1822.000000	99.900817  
1820.000000	99.996185  
1818.000000	99.977111  
1816.000000	99.989700  
1814.000000	99.955749  
1812.000000	99.748611  
1810.000000	99.675369  
1808.000000	99.806594  
1806.000000	99.912643  
1804.000000	99.865341  
1802.000000	99.623870  
1800.000000	99.507141  
1798.000000	99.600219  
1796.000000	99.558639  
1794.000000	99.349975  
1792.000000	99.125289  
1790.000000	99.503707  
1788.000000	99.857711  
1786.000000	99.850463  
1784.000000	99.777221  
1782.000000	99.691390  
1780.000000	99.606323  
1778.000000	99.695205  
1776.000000	99.607849  
1774.000000	99.192428  
1772.000000	98.825836  
1770.000000	99.158096  
1768.000000	99.522018  
1766.000000	99.773406  
1764.000000	99.739074  
1762.000000	99.485397  
1760.000000	99.550628  
1758.000000	99.573516  
1756.000000	99.599838  
1754.000000	99.665832  
1752.000000	99.318695  
1750.000000	98.780441  
1748.000000	98.724365  
1746.000000	99.037933  
1744.000000	99.163818  
1742.000000	99.235534  
1740.000000	99.219512  
1738.000000	99.296569  
1736.000000	99.164581  
1734.000000	98.587799  
1732.000000	98.833847  
1730.000000	99.274444  
1728.000000	99.696350  
1726.000000	99.857330  
1724.000000	99.749374  
1722.000000	99.668121  
1720.000000	99.392700  
1718.000000	98.523330  
1716.000000	98.215866  
1714.000000	98.958969  
1712.000000	99.478912  
1710.000000	99.585342  
1708.000000	99.370193  
1706.000000	98.942947  
1704.000000	98.898315  
1702.000000	98.853302  
1700.000000	98.402786  
1698.000000	98.212051  
1696.000000	98.456573  
1694.000000	99.255752  
1692.000000	99.527740  
1690.000000	99.304199  
1688.000000	99.069976  
1686.000000	98.714828  
1684.000000	98.096847  
1682.000000	98.672866  
1680.000000	99.129867  
1678.000000	99.374389  
1676.000000	99.245834  
1674.000000	99.112701  
1672.000000	99.002456  
1670.000000	98.663330  
1668.000000	99.130630  
1666.000000	99.617004  
1664.000000	99.491119  
1662.000000	99.320220  
1660.000000	99.636459  
1658.000000	99.691390  
1656.000000	99.256515  
1654.000000	98.294067  
1652.000000	98.426055  
1650.000000	98.855209  
1648.000000	98.400115  
1646.000000	98.456192  
1644.000000	99.331283  
1642.000000	99.643707  
1640.000000	99.560546  
1638.000000	99.067306  
1636.000000	98.472976  
1634.000000	99.187088  
1632.000000	99.698638  
1630.000000	99.710083  
1628.000000	99.493026  
1626.000000	99.420928  
1624.000000	99.192810  
1622.000000	99.279022  
1620.000000	99.542999  
1618.000000	99.251174  
1616.000000	99.088287  
1614.000000	99.615859  
1612.000000	99.824142  
1610.000000	99.706268  
1608.000000	99.634552  
1606.000000	99.751281  
1604.000000	99.781799  
1602.000000	99.764633  
1600.000000	99.872589  
1598.000000	99.908065  
1596.000000	99.796676  
1594.000000	99.763107  
1592.000000	99.836349  
1590.000000	99.864959  
1588.000000	99.918365  
1586.000000	99.953460  
1584.000000	99.950790  
1582.000000	99.928283  
1580.000000	99.797058  
1578.000000	99.318695  
1576.000000	98.861694  
1574.000000	99.360656  
1572.000000	99.514007  
1570.000000	99.121856  
1568.000000	99.213409  
1566.000000	99.452209  
1564.000000	99.393081  
1562.000000	99.187088  
1560.000000	98.233032  
1558.000000	97.557449  
1556.000000	98.440933  
1554.000000	98.929214  
1552.000000	99.199295  
1550.000000	99.215316  
1548.000000	99.356460  
1546.000000	99.083328  
1544.000000	98.180770  
1542.000000	97.257614  
1540.000000	96.999740  
1538.000000	98.527526  
1536.000000	99.000549  
1534.000000	98.725891  
1532.000000	98.966217  
1530.000000	99.264907  
1528.000000	98.956298  
1526.000000	98.535156  
1524.000000	98.310089  
1522.000000	97.850799  
1520.000000	98.144149  
1518.000000	98.377990  
1516.000000	98.507308  
1514.000000	99.035644  
1512.000000	99.059677  
1510.000000	98.517608  
1508.000000	97.381973  
1506.000000	97.757339  
1504.000000	99.092864  
1502.000000	99.417877  
1500.000000	99.278259  
1498.000000	98.914718  
1496.000000	99.045944  
1494.000000	99.528121  
1492.000000	99.336624  
1490.000000	98.640060  
1488.000000	98.787307  
1486.000000	99.423217  
1484.000000	99.769210  
1482.000000	99.742507  
1480.000000	99.749374  
1478.000000	99.667739  
1476.000000	99.244689  
1474.000000	98.678588  
1472.000000	98.674774  
1470.000000	99.496459  
1468.000000	99.749755  
1466.000000	99.497985  
1464.000000	99.401855  
1462.000000	99.638366  
1460.000000	99.309539  
1458.000000	98.262405  
1456.000000	98.415374  
1454.000000	99.324035  
1452.000000	99.682235  
1450.000000	99.691772  
1448.000000	99.570083  
1446.000000	99.733352  
1444.000000	99.929428  
1442.000000	99.960708  
1440.000000	99.872589  
1438.000000	99.538040  
1436.000000	99.312973  
1434.000000	99.590301  
1432.000000	99.652862  
1430.000000	99.567031  
1428.000000	99.721908  
1426.000000	99.763870  
1424.000000	99.557495  
1422.000000	99.536514  
1420.000000	99.261856  
1418.000000	99.100494  
1416.000000	99.584579  
1414.000000	99.885559  
1412.000000	99.891662  
1410.000000	99.898910  
1408.000000	99.940872  
1406.000000	99.787902  
1404.000000	99.729156  
1402.000000	99.831390  
1400.000000	99.610900  
1398.000000	99.340820  
1396.000000	99.251937  
1394.000000	99.414825  
1392.000000	99.784469  
1390.000000	99.831771  
1388.000000	99.591445  
1386.000000	99.643325  
1384.000000	99.919891  
1382.000000	99.993896  
1380.000000	99.922561  
1378.000000	99.839401  
1376.000000	99.629211  
1374.000000	99.457550  
1372.000000	99.716186  
1370.000000	99.845123  
1368.000000	99.866867  
1366.000000	99.916839  
1364.000000	99.679946  
1362.000000	99.499130  
1360.000000	99.790573  
1358.000000	99.962234  
1356.000000	99.946975  
1354.000000	99.944686  
1352.000000	99.992752  
1350.000000	99.979400  
1348.000000	99.982452  
1346.000000	100.016021 
1344.000000	100.020217 
1342.000000	99.837493  
1340.000000	99.472045  
1338.000000	99.514389  
1336.000000	99.839019  
1334.000000	100.007247 
1332.000000	100.039672 
1330.000000	100.029754 
1328.000000	100.032424 
1326.000000	100.037765 
1324.000000	100.014877 
1322.000000	99.953460  
1320.000000	99.825668  
1318.000000	99.776077  
1316.000000	99.834442  
1314.000000	99.847793  
1312.000000	99.898910  
1310.000000	99.993133  
1308.000000	100.006866 
1306.000000	100.029373 
1304.000000	100.058364 
1302.000000	100.059509 
1300.000000	100.042724 
1298.000000	100.029754 
1296.000000	100.032424 
1294.000000	100.050354 
1292.000000	100.036239 
1290.000000	99.995803  
1288.000000	99.964141  
1286.000000	99.995422  
1284.000000	100.037384 
1282.000000	100.043106 
1280.000000	100.034713 
1278.000000	100.038909 
1276.000000	100.046539 
1274.000000	100.015258 
1272.000000	99.962234  
1270.000000	99.955749  
1268.000000	99.991226  
1266.000000	100.021362 
1264.000000	100.025558 
1262.000000	100.015258 
1260.000000	100.011444 
1258.000000	100.018692 
1256.000000	100.013732 
1254.000000	100.009536 
1252.000000	100.015640 
1250.000000	100.024032 
1248.000000	100.027465 
1246.000000	100.011825 
1244.000000	99.997329  
1242.000000	100.013351 
1240.000000	100.039291 
1238.000000	100.041198 
1236.000000	100.039291 
1234.000000	100.041198 
1232.000000	100.031661 
1230.000000	100.037384 
1228.000000	100.043106 
1226.000000	100.030136 
1224.000000	100.030136 
1222.000000	100.029373 
1220.000000	100.033950 
1218.000000	100.048828 
1216.000000	100.052642 
1214.000000	100.038528 
1212.000000	100.012969 
1210.000000	100.024414 
1208.000000	100.034713 
1206.000000	100.021362 
1204.000000	100.021743 
1202.000000	100.023269 
1200.000000	100.010681 
1198.000000	100.028228 
1196.000000	100.053787 
1194.000000	100.050354 
1192.000000	100.034713 
1190.000000	100.030517 
1188.000000	100.020599 
1186.000000	100.024032 
1184.000000	100.045394 
1182.000000	100.054550 
1180.000000	100.040054 
1178.000000	100.022125 
1176.000000	100.029373 
1174.000000	100.033187 
1172.000000	100.025939 
1170.000000	100.028228 
1168.000000	100.040435 
1166.000000	100.053405 
1164.000000	100.056076 
1162.000000	100.044631 
1160.000000	100.039291 
1158.000000	100.030136 
1156.000000	100.015258 
1154.000000	100.021362 
1152.000000	100.055694 
1150.000000	100.061798 
1148.000000	100.049972 
1146.000000	100.033569 
1144.000000	100.017929 
1142.000000	100.008010 
1140.000000	100.000762 
1138.000000	99.998092  
1136.000000	100.011825 
1134.000000	100.017547 
1132.000000	100.020599 
1130.000000	100.046539 
1128.000000	100.068664 
1126.000000	100.064468 
1124.000000	100.047302 
1122.000000	100.045013 
1120.000000	100.039291 
1118.000000	100.014114 
1116.000000	100.014877 
1114.000000	100.028991 
1112.000000	100.049209 
1110.000000	100.060653 
1108.000000	100.046920 
1106.000000	100.032043 
1104.000000	100.045394 
1102.000000	100.043487 
1100.000000	100.025558 
1098.000000	100.028228 
1096.000000	100.029373 
1094.000000	100.030899 
1092.000000	100.026702 
1090.000000	100.029754 
1088.000000	100.043487 
1086.000000	100.046539 
1084.000000	100.044250 
1082.000000	100.054931 
1080.000000	100.056838 
1078.000000	100.042343 
1076.000000	100.024795 
1074.000000	100.033950 
1072.000000	100.067520 
1070.000000	100.053024 
1068.000000	100.022506 
1066.000000	100.023269 
1064.000000	100.024032 
1062.000000	100.020599 
1060.000000	100.022506 
1058.000000	100.019073 
1056.000000	100.009155 
1054.000000	100.006484 
1052.000000	100.022506 
1050.000000	100.045776 
1048.000000	100.033569 
1046.000000	100.005722 
1044.000000	100.010681 
1042.000000	100.030136 
1040.000000	100.029373 
1038.000000	100.015258 
1036.000000	100.009155 
1034.000000	100.014495 
1032.000000	100.040817 
1030.000000	100.039672 
1028.000000	100.012207 
1026.000000	100.003051 
1024.000000	100.023269 
1022.000000	100.041580 
1020.000000	100.036239 
1018.000000	100.026702 
1016.000000	100.031280 
1014.000000	100.035858 
1012.000000	100.022506 
1010.000000	100.013351 
1008.000000	100.025177 
1006.000000	100.019836 
1004.000000	100.015640 
1002.000000	100.032043 
1000.000000	100.032043 
998.000000	 100.020599 
996.000000	 100.022125 
994.000000	 100.035476 
992.000000	 100.041580 
990.000000	 100.035858 
988.000000	 100.029754 
986.000000	 100.017166 
984.000000	 100.001144 
982.000000	 100.003433 
980.000000	 100.016403 
978.000000	 100.027084 
976.000000	 100.026702 
974.000000	 100.012969 
972.000000	 100.001144 
970.000000	 100.015258 
968.000000	 100.019454 
966.000000	 100.012207 
964.000000	 100.017929 
962.000000	 100.027465 
960.000000	 100.035095 
958.000000	 100.028610 
956.000000	 100.025939 
954.000000	 100.031661 
952.000000	 100.035476 
950.000000	 100.022888 
948.000000	 100.003433 
946.000000	 100.019454 
944.000000	 100.043106 
942.000000	 100.039672 
940.000000	 100.032424 
938.000000	 100.043106 
936.000000	 100.057983 
934.000000	 100.049972 
932.000000	 100.027465 
930.000000	 100.019073 
928.000000	 100.029754 
926.000000	 100.035858 
924.000000	 100.043487 
922.000000	 100.048065 
920.000000	 100.029373 
918.000000	 100.012969 
916.000000	 100.037002 
914.000000	 100.053405 
912.000000	 100.022888 
910.000000	 100.000000 
908.000000	 99.991989  
906.000000	 100.005722 
904.000000	 100.024795 
902.000000	 100.020980 
900.000000	 100.022506 
898.000000	 100.014495 
896.000000	 99.999618  
894.000000	 100.018692 
892.000000	 100.046157 
890.000000	 100.050735 
888.000000	 100.045013 
886.000000	 100.033187 
884.000000	 100.006866 
882.000000	 100.017547 
880.000000	 100.060272 
878.000000	 100.075149 
876.000000	 100.041198 
874.000000	 100.016784 
872.000000	 100.023651 
870.000000	 100.043487 
868.000000	 100.035476 
866.000000	 100.009155 
864.000000	 100.007247 
862.000000	 100.009918 
860.000000	 100.017166 
858.000000	 100.054931 
856.000000	 100.065231 
854.000000	 100.051879 
852.000000	 100.043869 
850.000000	 100.035095 
848.000000	 100.018692 
846.000000	 100.007247 
844.000000	 100.012207 
842.000000	 100.040817 
840.000000	 100.046539 
838.000000	 100.020217 
836.000000	 100.021362 
834.000000	 100.041961 
832.000000	 100.064849 
830.000000	 100.062179 
828.000000	 100.008392 
826.000000	 100.006103 
824.000000	 100.024032 
822.000000	 100.038146 
820.000000	 100.087356 
818.000000	 100.117874 
816.000000	 100.072860 
814.000000	 100.028228 
812.000000	 100.024414 
810.000000	 100.037002 
808.000000	 100.024795 
806.000000	 100.033569 
804.000000	 100.043869 
802.000000	 100.025939 
800.000000	 100.013351 
798.000000	 100.014495 
796.000000	 100.021362 
794.000000	 100.024414 
792.000000	 100.027465 
790.000000	 100.033187 
788.000000	 100.030517 
786.000000	 100.033950 
784.000000	 100.045013 
782.000000	 100.038909 
780.000000	 100.011062 
778.000000	 99.985885  
776.000000	 100.003814 
774.000000	 100.017547 
772.000000	 100.010681 
770.000000	 100.029754 
768.000000	 100.027465 
766.000000	 100.003433 
764.000000	 100.028228 
762.000000	 100.042724 
760.000000	 100.034332 
758.000000	 100.025939 
756.000000	 100.001144 
754.000000	 99.992370  
752.000000	 99.973678  
750.000000	 99.961090  
748.000000	 99.971771  
746.000000	 99.945449  
744.000000	 99.885177  
742.000000	 99.830245  
740.000000	 99.828720  
738.000000	 99.839401  
736.000000	 99.846267  
734.000000	 99.853134  
732.000000	 99.841308  
730.000000	 99.848556  
728.000000	 99.882888  
726.000000	 99.927139  
724.000000	 99.935913  
722.000000	 99.230194  
720.000000	 98.617172  
718.000000	 99.341964  
716.000000	 99.795532  
714.000000	 99.759292  
712.000000	 99.679565  
710.000000	 99.549865  
708.000000	 99.389648  
706.000000	 99.234771  
704.000000	 99.006271  
702.000000	 98.701095  
700.000000	 98.325347  
698.000000	 97.885131  
696.000000	 97.388458  
694.000000	 96.891784  
692.000000	 96.389007  
690.000000	 95.842742  
688.000000	 95.334625  
686.000000	 94.911956  
684.000000	 94.534683  
682.000000	 94.260406  
680.000000	 94.064331  
678.000000	 94.025039  
676.000000	 94.208526  
674.000000	 94.684219  
672.000000	 94.162368  
670.000000	 89.905548  
668.000000	 88.307952  
666.000000	 95.324707  
664.000000	 96.917724  
662.000000	 96.216583  
660.000000	 95.589447  
658.000000	 95.202255  
656.000000	 94.993209  
654.000000	 95.007324  
652.000000	 95.105743  
650.000000	 95.040893  
648.000000	 95.358276  
646.000000	 96.287918  
644.000000	 96.958541  
642.000000	 97.428131  
640.000000	 97.863388  
638.000000	 98.307418  
636.000000	 98.688888  
634.000000	 98.998641  
632.000000	 99.291992  
630.000000	 99.504470  
628.000000	 99.630737  
626.000000	 99.704360  
624.000000	 99.761581  
622.000000	 99.806976  
620.000000	 99.436187  
618.000000	 98.704147  
616.000000	 99.023437  
614.000000	 99.737930  
612.000000	 99.884796  
610.000000	 99.849700  
608.000000	 99.835968  
606.000000	 99.814605  
604.000000	 99.821853  
602.000000	 99.875640  
600.000000	 99.793624  
598.000000	 99.773406  
596.000000	 99.861526  
594.000000	 99.806213  
592.000000	 99.728393  
590.000000	 99.851608  
588.000000	 99.921798  
586.000000	 99.908828  
584.000000	 99.903488  
582.000000	 99.803543  
580.000000	 99.769592  
578.000000	 99.832534  
576.000000	 99.823379  
574.000000	 99.899673  
572.000000	 99.907302  
570.000000	 99.740600  
568.000000	 99.710464  
566.000000	 99.819564  
564.000000	 99.898910  
562.000000	 99.980163  
560.000000	 99.979019  
558.000000	 99.953842  
556.000000	 99.985504  
554.000000	 100.048446 
552.000000	 99.982070  
550.000000	 99.912643  
548.000000	 99.945449  
546.000000	 99.891662  
544.000000	 99.892044  
542.000000	 99.924850  
540.000000	 99.922180  
538.000000	 99.882888  
536.000000	 99.849319  
534.000000	 99.913406  
532.000000	 100.041580 
530.000000	 99.961090  
528.000000	 99.766921  
526.000000	 99.665069  
524.000000	 99.799728  
522.000000	 99.863433  
520.000000	 99.689102  
518.000000	 99.539947  
516.000000	 99.720001  
514.000000	 99.977874  
512.000000	 100.010681 
510.000000	 99.932098  
508.000000	 99.894332  
506.000000	 99.888610  
504.000000	 99.819946  
502.000000	 99.790191  
500.000000	 99.916076  
498.000000	 100.064849 
496.000000	 100.104522 
494.000000	 99.969863  
492.000000	 99.948501  
490.000000	 100.007247 
488.000000	 100.010681 
486.000000	 99.889373  
484.000000	 99.787902  
482.000000	 99.914550  
480.000000	 100.033569 
478.000000	 100.098800 
476.000000	 100.131988 
474.000000	 99.770736  
472.000000	 99.285125  
470.000000	 99.467086  
468.000000	 99.715423  
466.000000	 99.901199  
464.000000	 100.002670 
462.000000	 99.924850  
460.000000	 99.628829  
458.000000	 99.430465  
456.000000	 99.755096  
454.000000	 99.925231  
452.000000	 99.817657  
450.000000	 99.859619  
448.000000	 99.709701  
446.000000	 99.578475  
444.000000	 99.558258  
442.000000	 99.662399  
440.000000	 100.051879 
438.000000	 100.040435 
436.000000	 99.919891  
434.000000	 99.946594  
432.000000	 99.934768  
430.000000	 99.917221  
428.000000	 99.907684  
426.000000	 99.810028  
424.000000	 99.317550  
422.000000	 98.767089  
420.000000	 98.394012  
418.000000	 99.566268  
416.000000	 100.572204 
414.000000	 100.663757 
412.000000	 100.598526 
410.000000	 100.225448 
408.000000	 100.003051 
406.000000	 100.209808 
404.000000	 100.302124 
402.000000	 99.488449  
400.000000	 97.835922  
