6000.000000	76.476287 
5998.000000	76.545715 
5996.000000	76.519775 
5994.000000	76.517105 
5992.000000	76.580810 
5990.000000	76.569747 
5988.000000	76.479339 
5986.000000	76.429748 
5984.000000	76.487731 
5982.000000	76.580047 
5980.000000	76.583862 
5978.000000	76.464080 
5976.000000	76.480102 
5974.000000	76.576232 
5972.000000	76.537322 
5970.000000	76.459503 
5968.000000	76.431274 
5966.000000	76.411437 
5964.000000	76.448059 
5962.000000	76.475143 
5960.000000	76.424789 
5958.000000	76.410293 
5956.000000	76.471710 
5954.000000	76.410293 
5952.000000	76.272583 
5950.000000	76.329040 
5948.000000	76.420211 
5946.000000	76.443862 
5944.000000	76.341629 
5942.000000	76.247024 
5940.000000	76.267242 
5938.000000	76.284408 
5936.000000	76.326370 
5934.000000	76.369476 
5932.000000	76.393127 
5930.000000	76.343536 
5928.000000	76.211547 
5926.000000	76.173400 
5924.000000	76.177215 
5922.000000	76.174545 
5920.000000	76.173019 
5918.000000	76.123428 
5916.000000	76.102447 
5914.000000	76.128768 
5912.000000	76.175308 
5910.000000	76.203536 
5908.000000	76.143264 
5906.000000	76.083755 
5904.000000	76.055908 
5902.000000	76.103591 
5900.000000	76.111221 
5898.000000	75.996017 
5896.000000	75.951385 
5894.000000	75.956726 
5892.000000	76.000976 
5890.000000	76.018142 
5888.000000	75.947570 
5886.000000	75.844955 
5884.000000	75.785064 
5882.000000	75.819396 
5880.000000	75.800704 
5878.000000	75.762176 
5876.000000	75.775146 
5874.000000	75.756454 
5872.000000	75.711059 
5870.000000	75.629043 
5868.000000	75.546646 
5866.000000	75.459671 
5864.000000	75.397491 
5862.000000	75.442504 
5860.000000	75.394058 
5858.000000	75.241851 
5856.000000	75.087356 
5854.000000	74.948501 
5852.000000	74.892807 
5850.000000	74.824905 
5848.000000	74.802017 
5846.000000	74.797439 
5844.000000	74.654769 
5842.000000	74.530410 
5840.000000	74.425888 
5838.000000	74.303436 
5836.000000	74.232101 
5834.000000	74.174118 
5832.000000	74.116516 
5830.000000	74.146270 
5828.000000	74.061203 
5826.000000	73.884582 
5824.000000	73.829269 
5822.000000	73.767089 
5820.000000	73.670196 
5818.000000	73.622512 
5816.000000	73.544692 
5814.000000	73.326873 
5812.000000	73.191452 
5810.000000	73.160934 
5808.000000	73.065185 
5806.000000	72.938919 
5804.000000	72.749710 
5802.000000	72.505187 
5800.000000	72.315597 
5798.000000	72.204208 
5796.000000	72.073364 
5794.000000	71.941375 
5792.000000	71.769332 
5790.000000	71.556472 
5788.000000	71.215438 
5786.000000	70.873260 
5784.000000	70.580291 
5782.000000	70.240020 
5780.000000	69.879531 
5778.000000	69.511032 
5776.000000	69.326782 
5774.000000	69.373703 
5772.000000	69.555664 
5770.000000	69.853591 
5768.000000	70.242309 
5766.000000	70.737838 
5764.000000	71.258163 
5762.000000	71.739196 
5760.000000	72.177505 
5758.000000	72.538375 
5756.000000	72.867202 
5754.000000	73.184204 
5752.000000	73.363494 
5750.000000	73.473358 
5748.000000	73.694229 
5746.000000	73.880004 
5744.000000	74.008941 
5742.000000	74.140167 
5740.000000	74.295043 
5738.000000	74.398040 
5736.000000	74.370574 
5734.000000	74.372863 
5732.000000	74.499130 
5730.000000	74.623107 
5728.000000	74.658203 
5726.000000	74.737930 
5724.000000	74.886322 
5722.000000	74.984359 
5720.000000	75.026702 
5718.000000	75.033187 
5716.000000	75.040435 
5714.000000	75.090789 
5712.000000	75.159072 
5710.000000	75.195693 
5708.000000	75.149917 
5706.000000	75.055313 
5704.000000	74.978256 
5702.000000	74.908065 
5700.000000	74.827957 
5698.000000	74.755477 
5696.000000	74.686813 
5694.000000	74.631118 
5692.000000	74.607849 
5690.000000	74.639129 
5688.000000	74.600601 
5686.000000	74.471282 
5684.000000	74.327087 
5682.000000	74.291992 
5680.000000	74.238967 
5678.000000	74.139022 
5676.000000	74.085617 
5674.000000	73.971176 
5672.000000	73.766326 
5670.000000	73.633575 
5668.000000	73.558807 
5666.000000	73.485565 
5664.000000	73.466110 
5662.000000	73.548507 
5660.000000	73.615264 
5658.000000	73.681640 
5656.000000	73.863983 
5654.000000	74.164199 
5652.000000	74.389648 
5650.000000	74.549484 
5648.000000	74.677276 
5646.000000	74.759674 
5644.000000	74.891281 
5642.000000	74.998474 
5640.000000	75.078201 
5638.000000	75.194931 
5636.000000	75.333786 
5634.000000	75.378417 
5632.000000	75.420379 
5630.000000	75.377273 
5628.000000	75.306320 
5626.000000	75.378417 
5624.000000	75.537490 
5622.000000	75.597381 
5620.000000	75.633239 
5618.000000	75.656509 
5616.000000	75.616455 
5614.000000	75.584793 
5612.000000	75.667572 
5610.000000	75.701141 
5608.000000	75.667190 
5606.000000	75.642776 
5604.000000	75.623321 
5602.000000	75.686264 
5600.000000	75.779724 
5598.000000	75.804138 
5596.000000	75.786209 
5594.000000	75.701904 
5592.000000	75.648117 
5590.000000	75.698471 
5588.000000	75.711441 
5586.000000	75.688171 
5584.000000	75.762557 
5582.000000	75.870895 
5580.000000	75.863647 
5578.000000	75.815200 
5576.000000	75.800704 
5574.000000	75.775909 
5572.000000	75.703430 
5570.000000	75.740432 
5568.000000	75.813674 
5566.000000	75.835800 
5564.000000	75.828552 
5562.000000	75.818634 
5560.000000	75.843048 
5558.000000	75.840377 
5556.000000	75.768280 
5554.000000	75.732421 
5552.000000	75.716781 
5550.000000	75.751495 
5548.000000	75.757217 
5546.000000	75.765609 
5544.000000	75.764846 
5542.000000	75.724792 
5540.000000	75.692367 
5538.000000	75.642395 
5536.000000	75.691986 
5534.000000	75.811386 
5532.000000	75.809478 
5530.000000	75.788879 
5528.000000	75.806808 
5526.000000	75.756835 
5524.000000	75.734710 
5522.000000	75.712966 
5520.000000	75.713348 
5518.000000	75.766754 
5516.000000	75.775909 
5514.000000	75.800323 
5512.000000	75.848770 
5510.000000	75.864410 
5508.000000	75.914001 
5506.000000	75.984954 
5504.000000	76.034927 
5502.000000	76.002883 
5500.000000	75.955963 
5498.000000	75.927734 
5496.000000	75.849914 
5494.000000	75.743103 
5492.000000	75.781631 
5490.000000	75.901412 
5488.000000	75.951385 
5486.000000	75.988769 
5484.000000	75.993728 
5482.000000	75.951766 
5480.000000	75.861740 
5478.000000	75.696945 
5476.000000	75.640487 
5474.000000	75.913619 
5472.000000	76.110076 
5470.000000	75.973129 
5468.000000	75.907897 
5466.000000	76.015472 
5464.000000	75.982284 
5462.000000	75.877761 
5460.000000	75.959014 
5458.000000	76.101303 
5456.000000	76.104354 
5454.000000	76.127243 
5452.000000	76.127243 
5450.000000	76.013183 
5448.000000	75.967025 
5446.000000	76.014709 
5444.000000	76.079559 
5442.000000	76.173019 
5440.000000	76.361465 
5438.000000	76.404190 
5436.000000	76.221466 
5434.000000	76.246261 
5432.000000	76.250457 
5430.000000	76.030731 
5428.000000	76.159286 
5426.000000	76.451873 
5424.000000	76.455307 
5422.000000	76.319503 
5420.000000	76.286697 
5418.000000	76.203918 
5416.000000	75.908279 
5414.000000	75.793838 
5412.000000	76.037216 
5410.000000	76.332473 
5408.000000	76.554489 
5406.000000	76.550292 
5404.000000	76.446914 
5402.000000	76.467514 
5400.000000	76.446151 
5398.000000	76.310348 
5396.000000	76.235198 
5394.000000	76.401901 
5392.000000	76.711654 
5390.000000	76.780319 
5388.000000	76.565170 
5386.000000	76.464080 
5384.000000	76.677703 
5382.000000	76.852798 
5380.000000	76.698303 
5378.000000	76.393890 
5376.000000	76.453018 
5374.000000	76.823043 
5372.000000	77.001571 
5370.000000	76.914215 
5368.000000	76.738739 
5366.000000	76.588439 
5364.000000	76.608276 
5362.000000	76.757049 
5360.000000	76.823043 
5358.000000	76.757812 
5356.000000	76.482772 
5354.000000	76.376724 
5352.000000	76.721572 
5350.000000	76.913833 
5348.000000	76.733398 
5346.000000	76.450729 
5344.000000	76.607894 
5342.000000	76.972961 
5340.000000	76.812744 
5338.000000	76.731872 
5336.000000	77.010726 
5334.000000	77.058410 
5332.000000	76.936340 
5330.000000	76.866531 
5328.000000	76.788711 
5326.000000	76.926040 
5324.000000	77.146530 
5322.000000	77.188110 
5320.000000	77.113342 
5318.000000	77.017211 
5316.000000	76.995086 
5314.000000	77.002334 
5312.000000	76.936340 
5310.000000	76.772689 
5308.000000	76.718902 
5306.000000	76.914215 
5304.000000	77.063369 
5302.000000	76.949310 
5300.000000	76.903533 
5298.000000	77.006530 
5296.000000	77.014923 
5294.000000	76.847457 
5292.000000	76.718902 
5290.000000	76.791000 
5288.000000	76.949310 
5286.000000	76.934814 
5284.000000	76.888656 
5282.000000	76.863479 
5280.000000	76.877593 
5278.000000	76.954650 
5276.000000	76.983261 
5274.000000	76.963424 
5272.000000	76.916885 
5270.000000	76.881408 
5268.000000	76.865768 
5266.000000	76.792144 
5264.000000	76.823806 
5262.000000	77.094268 
5260.000000	77.347564 
5258.000000	77.238082 
5256.000000	76.960372 
5254.000000	77.040100 
5252.000000	77.225112 
5250.000000	77.073287 
5248.000000	76.932144 
5246.000000	77.051544 
5244.000000	77.199172 
5242.000000	77.309799 
5240.000000	77.221298 
5238.000000	77.050399 
5236.000000	76.998138 
5234.000000	76.964569 
5232.000000	76.965713 
5230.000000	76.991271 
5228.000000	76.878738 
5226.000000	76.771926 
5224.000000	76.981353 
5222.000000	77.123260 
5220.000000	76.973342 
5218.000000	76.866912 
5216.000000	76.966476 
5214.000000	77.058029 
5212.000000	76.979827 
5210.000000	76.756668 
5208.000000	76.604461 
5206.000000	76.865768 
5204.000000	77.301406 
5202.000000	77.363204 
5200.000000	77.223587 
5198.000000	77.107238 
5196.000000	77.160644 
5194.000000	77.294921 
5192.000000	77.269363 
5190.000000	77.206039 
5188.000000	77.257919 
5186.000000	77.257537 
5184.000000	77.286911 
5182.000000	77.311706 
5180.000000	77.260208 
5178.000000	77.182006 
5176.000000	77.180480 
5174.000000	77.194976 
5172.000000	77.133941 
5170.000000	77.085494 
5168.000000	77.095031 
5166.000000	77.076721 
5164.000000	77.030181 
5162.000000	77.056503 
5160.000000	77.125549 
5158.000000	77.076721 
5156.000000	77.014923 
5154.000000	77.073669 
5152.000000	77.106094 
5150.000000	77.112197 
5148.000000	77.169799 
5146.000000	77.228546 
5144.000000	77.198028 
5142.000000	77.193832 
5140.000000	77.288436 
5138.000000	77.323150 
5136.000000	77.269744 
5134.000000	77.298355 
5132.000000	77.374267 
5130.000000	77.455139 
5128.000000	77.470397 
5126.000000	77.472686 
5124.000000	77.463912 
5122.000000	77.414703 
5120.000000	77.365875 
5118.000000	77.355957 
5116.000000	77.355575 
5114.000000	77.315521 
5112.000000	77.300262 
5110.000000	77.311325 
5108.000000	77.276229 
5106.000000	77.232360 
5104.000000	77.166366 
5102.000000	77.158737 
5100.000000	77.209091 
5098.000000	77.207565 
5096.000000	77.190399 
5094.000000	77.198791 
5092.000000	77.176284 
5090.000000	77.178573 
5088.000000	77.199554 
5086.000000	77.185821 
5084.000000	77.261734 
5082.000000	77.368545 
5080.000000	77.379226 
5078.000000	77.379989 
5076.000000	77.413940 
5074.000000	77.401733 
5072.000000	77.421188 
5070.000000	77.443313 
5068.000000	77.478408 
5066.000000	77.529907 
5064.000000	77.532958 
5062.000000	77.539062 
5060.000000	77.532196 
5058.000000	77.552795 
5056.000000	77.608489 
5054.000000	77.577972 
5052.000000	77.532196 
5050.000000	77.514648 
5048.000000	77.475738 
5046.000000	77.420043 
5044.000000	77.396774 
5042.000000	77.391052 
5040.000000	77.353286 
5038.000000	77.314376 
5036.000000	77.310562 
5034.000000	77.318954 
5032.000000	77.360534 
5030.000000	77.361297 
5028.000000	77.291488 
5026.000000	77.217864 
5024.000000	77.238845 
5022.000000	77.326965 
5020.000000	77.363967 
5018.000000	77.363586 
5016.000000	77.404403 
5014.000000	77.476882 
5012.000000	77.511215 
5010.000000	77.555847 
5008.000000	77.558517 
5006.000000	77.566909 
5004.000000	77.580261 
5002.000000	77.566146 
5000.000000	77.559661 
4998.000000	77.544784 
4996.000000	77.567672 
4994.000000	77.614974 
4992.000000	77.595520 
4990.000000	77.494812 
4988.000000	77.424240 
4986.000000	77.419281 
4984.000000	77.434539 
4982.000000	77.442169 
4980.000000	77.435684 
4978.000000	77.427673 
4976.000000	77.343368 
4974.000000	77.270126 
4972.000000	77.272796 
4970.000000	77.245712 
4968.000000	77.183532 
4966.000000	77.180480 
4964.000000	77.218246 
4962.000000	77.248001 
4960.000000	77.282714 
4958.000000	77.330017 
4956.000000	77.425384 
4954.000000	77.485275 
4952.000000	77.553939 
4950.000000	77.599716 
4948.000000	77.585601 
4946.000000	77.608108 
4944.000000	77.693557 
4942.000000	77.756118 
4940.000000	77.765274 
4938.000000	77.760696 
4936.000000	77.743911 
4934.000000	77.722930 
4932.000000	77.728271 
4930.000000	77.750778 
4928.000000	77.746963 
4926.000000	77.696228 
4924.000000	77.639770 
4922.000000	77.630996 
4920.000000	77.622222 
4918.000000	77.616500 
4916.000000	77.565765 
4914.000000	77.511215 
4912.000000	77.489089 
4910.000000	77.469635 
4908.000000	77.457046 
4906.000000	77.437210 
4904.000000	77.455520 
4902.000000	77.497863 
4900.000000	77.489471 
4898.000000	77.489089 
4896.000000	77.484130 
4894.000000	77.510452 
4892.000000	77.574920 
4890.000000	77.602005 
4888.000000	77.580642 
4886.000000	77.615737 
4884.000000	77.695846 
4882.000000	77.757263 
4880.000000	77.795028 
4878.000000	77.800750 
4876.000000	77.787780 
4874.000000	77.818298 
4872.000000	77.864074 
4870.000000	77.820968 
4868.000000	77.768707 
4866.000000	77.757644 
4864.000000	77.759552 
4862.000000	77.750778 
4860.000000	77.729415 
4858.000000	77.712249 
4856.000000	77.682113 
4854.000000	77.652740 
4852.000000	77.647399 
4850.000000	77.645874 
4848.000000	77.629470 
4846.000000	77.611923 
4844.000000	77.606964 
4842.000000	77.617263 
4840.000000	77.613449 
4838.000000	77.614593 
4836.000000	77.657699 
4834.000000	77.672576 
4832.000000	77.700042 
4830.000000	77.756118 
4828.000000	77.826309 
4826.000000	77.895736 
4824.000000	77.929687 
4822.000000	77.981948 
4820.000000	78.045654 
4818.000000	78.094100 
4816.000000	78.129577 
4814.000000	78.157043 
4812.000000	78.181838 
4810.000000	78.198242 
4808.000000	78.192901 
4806.000000	78.156280 
4804.000000	78.116989 
4802.000000	78.117752 
4800.000000	78.104782 
4798.000000	78.068161 
4796.000000	78.057861 
4794.000000	78.034591 
4792.000000	77.973556 
4790.000000	77.926635 
4788.000000	77.873229 
4786.000000	77.838134 
4784.000000	77.853775 
4782.000000	77.843475 
4780.000000	77.793502 
4778.000000	77.783966 
4776.000000	77.805328 
4774.000000	77.865600 
4772.000000	77.928924 
4770.000000	77.920532 
4768.000000	77.943038 
4766.000000	77.999114 
4764.000000	78.065872 
4762.000000	78.125000 
4760.000000	78.157043 
4758.000000	78.223419 
4756.000000	78.306198 
4754.000000	78.367233 
4752.000000	78.364944 
4750.000000	78.339767 
4748.000000	78.364944 
4746.000000	78.358840 
4744.000000	78.345108 
4742.000000	78.324127 
4740.000000	78.285980 
4738.000000	78.268814 
4736.000000	78.247070 
4734.000000	78.217697 
4732.000000	78.211975 
4730.000000	78.167724 
4728.000000	78.078460 
4726.000000	78.060150 
4724.000000	78.054428 
4722.000000	78.023910 
4720.000000	78.012466 
4718.000000	77.988815 
4716.000000	77.996444 
4714.000000	78.055191 
4712.000000	78.103637 
4710.000000	78.092956 
4708.000000	78.075790 
4706.000000	78.140640 
4704.000000	78.216934 
4702.000000	78.259658 
4700.000000	78.309631 
4698.000000	78.318786 
4696.000000	78.340530 
4694.000000	78.417587 
4692.000000	78.493118 
4690.000000	78.541183 
4688.000000	78.530120 
4686.000000	78.518676 
4684.000000	78.564453 
4682.000000	78.572082 
4680.000000	78.543472 
4678.000000	78.512573 
4676.000000	78.467559 
4674.000000	78.432464 
4672.000000	78.416442 
4670.000000	78.375244 
4668.000000	78.307723 
4666.000000	78.243255 
4664.000000	78.189849 
4662.000000	78.157424 
4660.000000	78.131866 
4658.000000	78.113555 
4656.000000	78.106307 
4654.000000	78.115844 
4652.000000	78.144454 
4650.000000	78.142166 
4648.000000	78.109359 
4646.000000	78.110885 
4644.000000	78.182983 
4642.000000	78.225326 
4640.000000	78.278732 
4638.000000	78.374481 
4636.000000	78.421020 
4634.000000	78.446578 
4632.000000	78.525161 
4630.000000	78.576278 
4628.000000	78.594589 
4626.000000	78.628921 
4624.000000	78.672027 
4622.000000	78.657150 
4620.000000	78.652954 
4618.000000	78.706741 
4616.000000	78.711318 
4614.000000	78.656005 
4612.000000	78.575897 
4610.000000	78.481292 
4608.000000	78.431701 
4606.000000	78.400802 
4604.000000	78.350067 
4602.000000	78.351974 
4600.000000	78.323745 
4598.000000	78.235244 
4596.000000	78.202438 
4594.000000	78.216934 
4592.000000	78.197097 
4590.000000	78.155899 
4588.000000	78.142547 
4586.000000	78.156661 
4584.000000	78.190994 
4582.000000	78.246688 
4580.000000	78.317260 
4578.000000	78.369140 
4576.000000	78.398513 
4574.000000	78.445434 
4572.000000	78.482437 
4570.000000	78.550338 
4568.000000	78.625869 
4566.000000	78.638458 
4564.000000	78.642272 
4562.000000	78.697586 
4560.000000	78.755950 
4558.000000	78.737640 
4556.000000	78.667449 
4554.000000	78.639602 
4552.000000	78.654861 
4550.000000	78.609466 
4548.000000	78.491592 
4546.000000	78.402328 
4544.000000	78.365707 
4542.000000	78.339004 
4540.000000	78.285598 
4538.000000	78.210449 
4536.000000	78.152084 
4534.000000	78.099822 
4532.000000	78.070831 
4530.000000	78.038787 
4528.000000	78.005599 
4526.000000	78.021621 
4524.000000	78.044128 
4522.000000	78.032684 
4520.000000	78.022384 
4518.000000	78.056335 
4516.000000	78.129196 
4514.000000	78.212738 
4512.000000	78.287506 
4510.000000	78.332138 
4508.000000	78.346633 
4506.000000	78.360366 
4504.000000	78.408813 
4502.000000	78.461074 
4500.000000	78.486251 
4498.000000	78.499603 
4496.000000	78.478622 
4494.000000	78.443527 
4492.000000	78.414535 
4490.000000	78.390121 
4488.000000	78.339004 
4486.000000	78.263854 
4484.000000	78.191375 
4482.000000	78.135299 
4480.000000	78.024673 
4478.000000	77.907943 
4476.000000	77.841186 
4474.000000	77.769470 
4472.000000	77.684020 
4470.000000	77.648925 
4468.000000	77.611923 
4466.000000	77.557373 
4464.000000	77.528381 
4462.000000	77.528762 
4460.000000	77.525711 
4458.000000	77.516555 
4456.000000	77.544403 
4454.000000	77.574157 
4452.000000	77.593994 
4450.000000	77.626037 
4448.000000	77.640914 
4446.000000	77.638626 
4444.000000	77.669143 
4442.000000	77.698898 
4440.000000	77.714538 
4438.000000	77.696990 
4436.000000	77.643203 
4434.000000	77.563858 
4432.000000	77.490234 
4430.000000	77.413558 
4428.000000	77.304077 
4426.000000	77.156448 
4424.000000	77.019119 
4422.000000	76.899337 
4420.000000	76.768493 
4418.000000	76.580810 
4416.000000	76.362228 
4414.000000	76.151275 
4412.000000	75.959777 
4410.000000	75.743103 
4408.000000	75.525665 
4406.000000	75.328826 
4404.000000	75.134658 
4402.000000	74.930572 
4400.000000	74.721908 
4398.000000	74.541473 
4396.000000	74.393081 
4394.000000	74.235916 
4392.000000	74.087524 
4390.000000	73.953247 
4388.000000	73.785781 
4386.000000	73.621368 
4384.000000	73.464965 
4382.000000	73.274230 
4380.000000	73.059082 
4378.000000	72.839736 
4376.000000	72.611618 
4374.000000	72.354888 
4372.000000	72.074127 
4370.000000	71.821594 
4368.000000	71.564865 
4366.000000	71.251296 
4364.000000	70.889663 
4362.000000	70.497131 
4360.000000	70.051956 
4358.000000	69.539642 
4356.000000	68.947219 
4354.000000	68.223190 
4352.000000	67.388916 
4350.000000	66.488265 
4348.000000	65.428161 
4346.000000	64.202880 
4344.000000	62.948608 
4342.000000	61.763000 
4340.000000	60.700607 
4338.000000	59.756469 
4336.000000	58.829879 
4334.000000	57.802963 
4332.000000	56.524658 
4330.000000	54.828262 
4328.000000	52.521133 
4326.000000	49.570083 
4324.000000	46.694946 
4322.000000	45.514678 
4320.000000	47.233581 
4318.000000	51.244354 
4316.000000	55.933761 
4314.000000	60.078430 
4312.000000	63.265991 
4310.000000	65.538406 
4308.000000	67.110824 
4306.000000	68.206787 
4304.000000	68.931579 
4302.000000	69.401931 
4300.000000	69.693374 
4298.000000	69.813156 
4296.000000	69.820022 
4294.000000	69.753265 
4292.000000	69.611740 
4290.000000	69.405364 
4288.000000	69.147109 
4286.000000	68.844604 
4284.000000	68.583297 
4282.000000	68.381118 
4280.000000	68.162536 
4278.000000	67.923736 
4276.000000	67.665863 
4274.000000	67.370223 
4272.000000	67.037200 
4270.000000	66.603088 
4268.000000	66.056823 
4266.000000	65.402984 
4264.000000	64.545822 
4262.000000	63.413619 
4260.000000	62.009429 
4258.000000	60.326004 
4256.000000	58.380126 
4254.000000	56.451034 
4252.000000	55.165100 
4250.000000	55.284881 
4248.000000	57.012176 
4246.000000	59.613800 
4244.000000	62.094879 
4242.000000	63.960266 
4240.000000	65.199279 
4238.000000	65.958404 
4236.000000	66.339492 
4234.000000	66.429519 
4232.000000	66.282272 
4230.000000	65.965652 
4228.000000	65.519332 
4226.000000	65.003585 
4224.000000	64.518356 
4222.000000	64.125442 
4220.000000	63.920211 
4218.000000	63.935470 
4216.000000	64.070510 
4214.000000	64.208221 
4212.000000	64.321899 
4210.000000	64.383697 
4208.000000	64.365005 
4206.000000	64.194869 
4204.000000	63.857650 
4202.000000	63.355255 
4200.000000	62.740707 
4198.000000	62.115097 
4196.000000	61.655426 
4194.000000	61.432266 
4192.000000	61.397933 
4190.000000	61.478424 
4188.000000	61.603546 
4186.000000	61.716842 
4184.000000	61.802673 
4182.000000	61.869049 
4180.000000	61.923980 
4178.000000	61.970520 
4176.000000	62.002944 
4174.000000	62.017822 
4172.000000	62.028503 
4170.000000	62.033843 
4168.000000	62.020111 
4166.000000	62.014770 
4164.000000	62.015151 
4162.000000	62.017822 
4160.000000	62.009429 
4158.000000	61.988449 
4156.000000	61.973953 
4154.000000	61.952209 
4152.000000	61.925506 
4150.000000	61.939620 
4148.000000	61.989212 
4146.000000	62.088775 
4144.000000	62.201690 
4142.000000	62.321853 
4140.000000	62.454605 
4138.000000	62.604904 
4136.000000	62.760543 
4134.000000	62.916564 
4132.000000	63.063812 
4130.000000	63.184356 
4128.000000	63.317108 
4126.000000	63.431930 
4124.000000	63.511276 
4122.000000	63.578796 
4120.000000	63.602066 
4118.000000	63.624954 
4116.000000	63.657760 
4114.000000	63.636779 
4112.000000	63.579177 
4110.000000	63.513946 
4108.000000	63.426208 
4106.000000	63.298034 
4104.000000	63.180541 
4102.000000	63.085937 
4100.000000	63.032531 
4098.000000	63.023376 
4096.000000	63.111114 
4094.000000	63.352203 
4092.000000	63.721466 
4090.000000	64.205932 
4088.000000	64.776229 
4086.000000	65.347290 
4084.000000	65.880584 
4082.000000	66.338348 
4080.000000	66.744232 
4078.000000	67.126083 
4076.000000	67.450332 
4074.000000	67.730712 
4072.000000	68.013000 
4070.000000	68.296051 
4068.000000	68.537139 
4066.000000	68.751144 
4064.000000	69.000625 
4062.000000	69.246292 
4060.000000	69.461059 
4058.000000	69.647979 
4056.000000	69.786453 
4054.000000	69.901657 
4052.000000	69.986343 
4050.000000	70.052337 
4048.000000	70.106887 
4046.000000	70.158767 
4044.000000	70.237731 
4042.000000	70.328140 
4040.000000	70.355606 
4038.000000	70.351791 
4036.000000	70.323181 
4034.000000	70.288085 
4032.000000	70.269393 
4030.000000	70.232772 
4028.000000	70.139312 
4026.000000	70.015335 
4024.000000	69.950103 
4022.000000	69.970321 
4020.000000	70.119476 
4018.000000	70.491790 
4016.000000	71.014785 
4014.000000	71.558761 
4012.000000	72.005844 
4010.000000	72.342300 
4008.000000	72.653198 
4006.000000	72.928237 
4004.000000	73.115921 
4002.000000	73.256683 
4000.000000	73.382568 
3998.000000	73.456192 
3996.000000	73.477935 
3994.000000	73.511505 
3992.000000	73.503875 
3990.000000	73.488235 
3988.000000	73.473358 
3986.000000	73.365402 
3984.000000	73.234558 
3982.000000	73.108291 
3980.000000	72.996520 
3978.000000	72.845458 
3976.000000	72.747421 
3974.000000	72.772598 
3972.000000	72.806549 
3970.000000	72.811126 
3968.000000	72.847366 
3966.000000	72.848510 
3964.000000	72.783660 
3962.000000	72.790527 
3960.000000	72.888946 
3958.000000	72.967529 
3956.000000	73.033142 
3954.000000	73.070144 
3952.000000	73.037338 
3950.000000	73.029708 
3948.000000	73.223876 
3946.000000	73.369979 
3944.000000	73.285675 
3942.000000	73.505401 
3940.000000	73.765563 
3938.000000	73.694229 
3936.000000	73.493957 
3934.000000	73.160552 
3932.000000	73.090362 
3930.000000	73.361206 
3928.000000	73.361968 
3926.000000	73.011016 
3924.000000	72.972106 
3922.000000	73.061752 
3920.000000	72.770690 
3918.000000	72.589111 
3916.000000	72.752380 
3914.000000	72.777938 
3912.000000	72.494506 
3910.000000	72.292709 
3908.000000	71.992874 
3906.000000	71.493148 
3904.000000	71.464538 
3902.000000	71.990966 
3900.000000	72.380065 
3898.000000	72.714996 
3896.000000	72.664260 
3894.000000	72.138977 
3892.000000	71.955108 
3890.000000	72.606277 
3888.000000	72.602081 
3886.000000	72.263717 
3884.000000	72.810363 
3882.000000	72.877883 
3880.000000	73.158264 
3878.000000	73.682785 
3876.000000	73.256301 
3874.000000	72.961807 
3872.000000	73.119735 
3870.000000	73.364639 
3868.000000	74.230575 
3866.000000	74.046325 
3864.000000	73.982238 
3862.000000	74.546813 
3860.000000	74.550247 
3858.000000	73.952102 
3856.000000	72.953414 
3854.000000	72.547149 
3852.000000	74.481964 
3850.000000	75.119018 
3848.000000	74.465179 
3846.000000	73.677825 
3844.000000	73.164367 
3842.000000	72.999191 
3840.000000	72.823333 
3838.000000	73.158264 
3836.000000	73.799133 
3834.000000	73.859786 
3832.000000	73.743820 
3830.000000	73.817062 
3828.000000	73.632049 
3826.000000	73.617172 
3824.000000	73.510360 
3822.000000	72.962188 
3820.000000	73.894882 
3818.000000	74.393844 
3816.000000	74.300003 
3814.000000	75.028610 
3812.000000	74.994277 
3810.000000	74.451828 
3808.000000	74.102783 
3806.000000	74.744415 
3804.000000	74.881362 
3802.000000	74.551773 
3800.000000	75.614929 
3798.000000	75.783538 
3796.000000	75.619506 
3794.000000	75.760650 
3792.000000	75.474548 
3790.000000	75.153732 
3788.000000	74.943923 
3786.000000	74.730300 
3784.000000	74.831008 
3782.000000	74.762344 
3780.000000	74.502944 
3778.000000	74.896621 
3776.000000	75.097274 
3774.000000	74.835586 
3772.000000	74.445343 
3770.000000	74.450302 
3768.000000	74.988174 
3766.000000	75.150299 
3764.000000	75.422286 
3762.000000	75.330734 
3760.000000	75.082015 
3758.000000	75.636672 
3756.000000	76.017761 
3754.000000	75.523376 
3752.000000	74.927520 
3750.000000	76.091384 
3748.000000	76.987838 
3746.000000	76.372528 
3744.000000	76.690673 
3742.000000	77.527999 
3740.000000	76.995468 
3738.000000	75.942993 
3736.000000	75.516510 
3734.000000	76.483154 
3732.000000	77.193832 
3730.000000	77.031707 
3728.000000	76.234817 
3726.000000	75.752639 
3724.000000	75.811004 
3722.000000	75.875473 
3720.000000	75.871276 
3718.000000	75.707244 
3716.000000	75.374221 
3714.000000	74.661636 
3712.000000	74.302673 
3710.000000	75.240325 
3708.000000	75.810241 
3706.000000	75.600051 
3704.000000	75.130081 
3702.000000	74.986267 
3700.000000	75.476074 
3698.000000	75.628662 
3696.000000	75.499343 
3694.000000	75.333023 
3692.000000	74.884796 
3690.000000	74.903488 
3688.000000	76.155853 
3686.000000	76.800918 
3684.000000	76.488494 
3682.000000	75.946807 
3680.000000	75.465011 
3678.000000	74.819946 
3676.000000	74.572753 
3674.000000	75.998306 
3672.000000	75.760269 
3670.000000	75.207519 
3668.000000	75.893402 
3666.000000	75.695037 
3664.000000	75.017166 
3662.000000	74.539184 
3660.000000	74.182510 
3658.000000	73.689651 
3656.000000	73.595428 
3654.000000	73.722457 
3652.000000	72.731018 
3650.000000	71.877288 
3648.000000	73.049163 
3646.000000	73.859786 
3644.000000	73.625946 
3642.000000	73.286056 
3640.000000	73.382568 
3638.000000	73.627471 
3636.000000	73.842620 
3634.000000	74.103927 
3632.000000	74.129486 
3630.000000	73.712158 
3628.000000	74.784469 
3626.000000	75.770568 
3624.000000	75.333023 
3622.000000	74.496459 
3620.000000	73.914718 
3618.000000	74.139785 
3616.000000	73.957443 
3614.000000	73.118972 
3612.000000	72.508621 
3610.000000	71.683120 
3608.000000	70.916748 
3606.000000	70.576095 
3604.000000	70.035552 
3602.000000	69.733810 
3600.000000	70.355606 
3598.000000	71.360778 
3596.000000	72.145080 
3594.000000	73.028564 
3592.000000	73.688507 
3590.000000	73.610687 
3588.000000	73.623657 
3586.000000	74.624252 
3584.000000	75.120162 
3582.000000	75.024414 
3580.000000	75.021743 
3578.000000	75.176239 
3576.000000	75.371551 
3574.000000	75.602340 
3572.000000	75.719070 
3570.000000	75.478744 
3568.000000	75.282669 
3566.000000	76.209259 
3564.000000	76.929092 
3562.000000	76.770782 
3560.000000	76.573181 
3558.000000	76.500320 
3556.000000	76.296615 
3554.000000	75.997924 
3552.000000	76.001739 
3550.000000	76.074218 
3548.000000	75.720214 
3546.000000	75.546264 
3544.000000	75.699615 
3542.000000	75.625991 
3540.000000	75.273895 
3538.000000	74.893951 
3536.000000	74.702072 
3534.000000	74.611663 
3532.000000	74.352264 
3530.000000	74.108886 
3528.000000	74.061203 
3526.000000	74.080657 
3524.000000	74.065017 
3522.000000	74.185180 
3520.000000	74.258804 
3518.000000	74.226760 
3516.000000	74.250793 
3514.000000	74.265289 
3512.000000	74.254608 
3510.000000	74.329757 
3508.000000	74.542999 
3506.000000	74.559020 
3504.000000	74.433517 
3502.000000	74.584579 
3500.000000	74.743270 
3498.000000	74.626159 
3496.000000	74.518966 
3494.000000	74.477386 
3492.000000	74.320220 
3490.000000	74.092864 
3488.000000	73.899078 
3486.000000	73.740768 
3484.000000	73.461914 
3482.000000	73.169326 
3480.000000	73.030471 
3478.000000	72.814178 
3476.000000	72.481918 
3474.000000	72.220230 
3472.000000	71.998596 
3470.000000	71.766281 
3468.000000	71.588134 
3466.000000	71.474838 
3464.000000	71.348571 
3462.000000	71.243667 
3460.000000	71.220016 
3458.000000	71.212768 
3456.000000	71.202087 
3454.000000	71.230316 
3452.000000	71.270751 
3450.000000	71.266174 
3448.000000	71.264266 
3446.000000	71.451568 
3444.000000	71.578216 
3442.000000	71.625137 
3440.000000	71.674728 
3438.000000	71.645355 
3436.000000	71.622848 
3434.000000	71.582412 
3432.000000	71.511459 
3430.000000	71.439361 
3428.000000	71.334457 
3426.000000	71.204757 
3424.000000	71.034240 
3422.000000	70.854949 
3420.000000	70.748901 
3418.000000	70.653152 
3416.000000	70.480346 
3414.000000	70.320892 
3412.000000	70.201492 
3410.000000	70.082855 
3408.000000	69.984436 
3406.000000	69.902038 
3404.000000	69.843673 
3402.000000	69.858932 
3400.000000	69.896697 
3398.000000	69.934082 
3396.000000	70.028305 
3394.000000	70.115280 
3392.000000	70.238113 
3390.000000	70.405960 
3388.000000	70.533370 
3386.000000	70.641708 
3384.000000	70.768737 
3382.000000	70.899581 
3380.000000	70.980834 
3378.000000	71.037673 
3376.000000	71.084213 
3374.000000	71.100616 
3372.000000	71.092987 
3370.000000	71.055603 
3368.000000	71.032714 
3366.000000	71.056365 
3364.000000	71.066665 
3362.000000	71.013259 
3360.000000	70.934295 
3358.000000	70.835494 
3356.000000	70.742416 
3354.000000	70.666122 
3352.000000	70.569610 
3350.000000	70.508193 
3348.000000	70.484542 
3346.000000	70.446395 
3344.000000	70.425033 
3342.000000	70.454406 
3340.000000	70.514678 
3338.000000	70.600509 
3336.000000	70.742034 
3334.000000	70.934295 
3332.000000	71.117019 
3330.000000	71.286773 
3328.000000	71.459960 
3326.000000	71.669006 
3324.000000	71.900939 
3322.000000	72.117614 
3320.000000	72.290802 
3318.000000	72.451400 
3316.000000	72.595977 
3314.000000	72.696304 
3312.000000	72.734451 
3310.000000	72.735214 
3308.000000	72.756958 
3306.000000	72.734832 
3304.000000	72.640228 
3302.000000	72.528457 
3300.000000	72.385406 
3298.000000	72.238159 
3296.000000	72.089385 
3294.000000	71.914291 
3292.000000	71.768951 
3290.000000	71.666717 
3288.000000	71.582794 
3286.000000	71.493911 
3284.000000	71.424865 
3282.000000	71.424102 
3280.000000	71.443557 
3278.000000	71.469497 
3276.000000	71.564865 
3274.000000	71.716308 
3272.000000	71.909332 
3270.000000	72.091674 
3268.000000	72.269821 
3266.000000	72.452163 
3264.000000	72.647857 
3262.000000	72.848510 
3260.000000	73.007583 
3258.000000	73.136901 
3256.000000	73.249816 
3254.000000	73.349761 
3252.000000	73.419952 
3250.000000	73.413467 
3248.000000	73.332977 
3246.000000	73.223876 
3244.000000	73.134231 
3242.000000	73.020553 
3240.000000	72.830581 
3238.000000	72.629547 
3236.000000	72.451019 
3234.000000	72.264480 
3232.000000	72.093963 
3230.000000	71.952056 
3228.000000	71.845245 
3226.000000	71.783447 
3224.000000	71.712875 
3222.000000	71.656417 
3220.000000	71.658325 
3218.000000	71.736526 
3216.000000	71.827697 
3214.000000	71.937942 
3212.000000	72.079086 
3210.000000	72.214508 
3208.000000	72.379302 
3206.000000	72.526550 
3204.000000	72.642135 
3202.000000	72.753524 
3200.000000	72.835922 
3198.000000	72.901153 
3196.000000	72.929382 
3194.000000	72.900390 
3192.000000	72.846984 
3190.000000	72.764587 
3188.000000	72.628784 
3186.000000	72.446060 
3184.000000	72.269439 
3182.000000	72.090148 
3180.000000	71.878433 
3178.000000	71.670532 
3176.000000	71.478271 
3174.000000	71.269989 
3172.000000	71.095657 
3170.000000	70.970916 
3168.000000	70.880508 
3166.000000	70.817184 
3164.000000	70.797348 
3162.000000	70.821762 
3160.000000	70.880508 
3158.000000	70.964813 
3156.000000	71.083450 
3154.000000	71.227645 
3152.000000	71.388626 
3150.000000	71.548080 
3148.000000	71.702575 
3146.000000	71.815490 
3144.000000	71.885299 
3142.000000	71.922683 
3140.000000	71.906661 
3138.000000	71.844100 
3136.000000	71.724319 
3134.000000	71.545410 
3132.000000	71.335983 
3130.000000	71.073913 
3128.000000	70.772933 
3126.000000	70.453262 
3124.000000	70.088577 
3122.000000	69.729232 
3120.000000	69.378280 
3118.000000	69.026565 
3116.000000	68.687057 
3114.000000	68.401718 
3112.000000	68.139648 
3110.000000	67.860412 
3108.000000	67.615127 
3106.000000	67.393112 
3104.000000	67.125320 
3102.000000	66.811752 
3100.000000	66.430282 
3098.000000	65.937042 
3096.000000	65.326690 
3094.000000	64.679336 
3092.000000	64.026260 
3090.000000	63.411712 
3088.000000	62.893295 
3086.000000	62.453460 
3084.000000	62.051010 
3082.000000	61.676788 
3080.000000	61.322402 
3078.000000	60.978317 
3076.000000	60.633850 
3074.000000	60.247802 
3072.000000	59.831237 
3070.000000	59.396362 
3068.000000	58.965682 
3066.000000	58.569335 
3064.000000	58.199691 
3062.000000	57.841110 
3060.000000	57.474899 
3058.000000	57.106399 
3056.000000	56.747817 
3054.000000	56.407165 
3052.000000	56.033706 
3050.000000	55.608749 
3048.000000	55.146026 
3046.000000	54.628753 
3044.000000	54.042816 
3042.000000	53.377151 
3040.000000	52.664566 
3038.000000	51.922988 
3036.000000	51.157760 
3034.000000	50.403976 
3032.000000	49.683380 
3030.000000	49.009704 
3028.000000	48.365020 
3026.000000	47.743225 
3024.000000	47.185897 
3022.000000	46.681213 
3020.000000	46.204757 
3018.000000	45.755767 
3016.000000	45.323181 
3014.000000	44.908905 
3012.000000	44.477081 
3010.000000	43.993759 
3008.000000	43.429946 
3006.000000	42.761611 
3004.000000	41.962051 
3002.000000	41.048049 
3000.000000	40.026092 
2998.000000	38.882446 
2996.000000	37.617492 
2994.000000	36.260223 
2992.000000	34.809112 
2990.000000	33.256530 
2988.000000	31.568145 
2986.000000	29.717636 
2984.000000	27.687835 
2982.000000	25.455474 
2980.000000	22.989273 
2978.000000	20.317077 
2976.000000	17.494583 
2974.000000	14.579391 
2972.000000	11.713790 
2970.000000	9.053039  
2968.000000	6.703186  
2966.000000	4.777526  
2964.000000	3.324508  
2962.000000	2.293014  
2960.000000	1.586532  
2958.000000	1.114273  
2956.000000	0.816726  
2954.000000	0.604248  
2952.000000	0.440216  
2950.000000	0.320434  
2948.000000	0.232315  
2946.000000	0.136566  
2944.000000	0.061416  
2942.000000	0.022888  
2940.000000	0.015258  
2938.000000	0.011825  
2936.000000	0.009918  
2934.000000	0.011444  
2932.000000	0.021743  
2930.000000	0.011062  
2928.000000	0.008010  
2926.000000	0.026702  
2924.000000	0.025177  
2922.000000	0.005340  
2920.000000	0.014114  
2918.000000	0.018310  
2916.000000	0.006866  
2914.000000	0.011062  
2912.000000	0.012207  
2910.000000	0.019454  
2908.000000	0.030136  
2906.000000	0.023269  
2904.000000	0.014495  
2902.000000	0.011825  
2900.000000	0.008392  
2898.000000	0.013732  
2896.000000	0.011825  
2894.000000	0.022888  
2892.000000	0.037002  
2890.000000	0.049972  
2888.000000	0.060653  
2886.000000	0.068283  
2884.000000	0.101852  
2882.000000	0.162124  
2880.000000	0.208282  
2878.000000	0.255966  
2876.000000	0.298309  
2874.000000	0.310897  
2872.000000	0.304412  
2870.000000	0.283813  
2868.000000	0.238800  
2866.000000	0.181198  
2864.000000	0.119018  
2862.000000	0.062942  
2860.000000	0.041961  
2858.000000	0.060653  
2856.000000	0.073623  
2854.000000	0.073242  
2852.000000	0.086593  
2850.000000	0.085830  
2848.000000	0.066757  
2846.000000	0.075531  
2844.000000	0.102996  
2842.000000	0.119781  
2840.000000	0.201797  
2838.000000	0.576400  
2836.000000	1.375961  
2834.000000	2.569580  
2832.000000	4.058074  
2830.000000	5.725097  
2828.000000	7.509994  
2826.000000	9.337234  
2824.000000	11.160278 
2822.000000	12.929534 
2820.000000	14.632797 
2818.000000	16.280746 
2816.000000	17.897033 
2814.000000	19.490051 
2812.000000	21.047210 
2810.000000	22.568511 
2808.000000	24.042510 
2806.000000	25.453948 
2804.000000	26.811218 
2802.000000	28.099441 
2800.000000	29.341125 
2798.000000	30.596160 
2796.000000	31.881713 
2794.000000	33.212661 
2792.000000	34.613037 
2790.000000	36.082077 
2788.000000	37.600708 
2786.000000	39.152526 
2784.000000	40.658950 
2782.000000	42.091751 
2780.000000	43.438339 
2778.000000	44.673919 
2776.000000	45.755386 
2774.000000	46.673583 
2772.000000	47.443389 
2770.000000	48.069381 
2768.000000	48.551177 
2766.000000	48.928451 
2764.000000	49.232482 
2762.000000	49.498367 
2760.000000	49.768829 
2758.000000	50.063323 
2756.000000	50.386047 
2754.000000	50.712966 
2752.000000	51.018905 
2750.000000	51.296615 
2748.000000	51.511764 
2746.000000	51.662063 
2744.000000	51.797866 
2742.000000	51.959991 
2740.000000	52.132797 
2738.000000	52.315139 
2736.000000	52.541732 
2734.000000	52.803802 
2732.000000	53.064346 
2730.000000	53.302383 
2728.000000	53.579330 
2726.000000	53.873825 
2724.000000	54.127502 
2722.000000	54.328918 
2720.000000	54.478836 
2718.000000	54.571151 
2716.000000	54.633331 
2714.000000	54.705429 
2712.000000	54.806518 
2710.000000	54.948043 
2708.000000	55.150604 
2706.000000	55.420684 
2704.000000	55.754852 
2702.000000	56.141281 
2700.000000	56.547546 
2698.000000	56.926345 
2696.000000	57.233047 
2694.000000	57.435989 
2692.000000	57.527923 
2690.000000	57.552719 
2688.000000	57.526016 
2686.000000	57.445526 
2684.000000	57.315063 
2682.000000	57.134246 
2680.000000	56.890869 
2678.000000	56.578063 
2676.000000	56.165695 
2674.000000	55.669403 
2672.000000	55.117034 
2670.000000	54.576873 
2668.000000	54.100418 
2666.000000	53.689193 
2664.000000	53.378677 
2662.000000	53.202056 
2660.000000	53.114318 
2658.000000	53.120040 
2656.000000	53.224182 
2654.000000	53.411102 
2652.000000	53.641510 
2650.000000	53.886032 
2648.000000	54.114532 
2646.000000	54.277801 
2644.000000	54.368972 
2642.000000	54.407501 
2640.000000	54.432296 
2638.000000	54.489517 
2636.000000	54.652023 
2634.000000	54.988861 
2632.000000	55.542373 
2630.000000	56.251907 
2628.000000	57.011413 
2626.000000	57.739257 
2624.000000	58.405303 
2622.000000	58.977890 
2620.000000	59.465026 
2618.000000	59.905242 
2616.000000	60.316848 
2614.000000	60.669326 
2612.000000	60.979461 
2610.000000	61.245727 
2608.000000	61.460876 
2606.000000	61.650085 
2604.000000	61.833572 
2602.000000	62.021255 
2600.000000	62.239456 
2598.000000	62.483215 
2596.000000	62.787246 
2594.000000	63.190460 
2592.000000	63.686752 
2590.000000	64.250564 
2588.000000	64.859771 
2586.000000	65.487670 
2584.000000	66.130828 
2582.000000	66.786193 
2580.000000	67.416763 
2578.000000	68.001174 
2576.000000	68.550491 
2574.000000	69.057464 
2572.000000	69.498825 
2570.000000	69.866943 
2568.000000	70.151901 
2566.000000	70.366287 
2564.000000	70.476531 
2562.000000	70.494461 
2560.000000	70.438766 
2558.000000	70.336532 
2556.000000	70.188522 
2554.000000	69.986724 
2552.000000	69.751739 
2550.000000	69.545364 
2548.000000	69.436645 
2546.000000	69.485855 
2544.000000	69.687652 
2542.000000	69.935989 
2540.000000	70.136642 
2538.000000	70.257949 
2536.000000	70.317840 
2534.000000	70.373535 
2532.000000	70.457077 
2530.000000	70.602416 
2528.000000	70.856094 
2526.000000	71.249008 
2524.000000	71.828460 
2522.000000	72.537231 
2520.000000	73.272323 
2518.000000	73.934555 
2516.000000	74.502182 
2514.000000	74.977493 
2512.000000	75.349044 
2510.000000	75.628662 
2508.000000	75.812149 
2506.000000	75.893402 
2504.000000	75.884246 
2502.000000	75.778579 
2500.000000	75.614547 
2498.000000	75.418472 
2496.000000	75.172042 
2494.000000	74.898529 
2492.000000	74.633407 
2490.000000	74.375534 
2488.000000	74.148941 
2486.000000	73.966217 
2484.000000	73.820495 
2482.000000	73.735809 
2480.000000	73.722076 
2478.000000	73.752212 
2476.000000	73.827743 
2474.000000	74.005889 
2472.000000	74.380493 
2470.000000	74.991226 
2468.000000	75.682830 
2466.000000	76.298141 
2464.000000	76.832580 
2462.000000	77.336502 
2460.000000	77.788543 
2458.000000	78.176498 
2456.000000	78.509902 
2454.000000	78.786849 
2452.000000	78.984832 
2450.000000	79.092025 
2448.000000	79.087448 
2446.000000	78.999328 
2444.000000	78.815841 
2442.000000	78.545761 
2440.000000	78.217697 
2438.000000	77.833175 
2436.000000	77.409362 
2434.000000	76.972579 
2432.000000	76.532745 
2430.000000	76.105117 
2428.000000	75.699234 
2426.000000	75.315856 
2424.000000	74.976730 
2422.000000	74.689483 
2420.000000	74.478149 
2418.000000	74.399566 
2416.000000	74.482727 
2414.000000	74.726104 
2412.000000	75.096130 
2410.000000	75.536346 
2408.000000	76.025772 
2406.000000	76.515579 
2404.000000	76.980209 
2402.000000	77.445983 
2400.000000	77.898025 
2398.000000	78.293228 
2396.000000	78.634643 
2394.000000	78.905868 
2392.000000	79.093170 
2390.000000	79.190444 
2388.000000	79.188537 
2386.000000	79.081726 
2384.000000	78.882980 
2382.000000	78.603744 
2380.000000	78.260421 
2378.000000	77.906036 
2376.000000	77.548599 
2374.000000	77.153778 
2372.000000	76.768112 
2370.000000	76.430892 
2368.000000	76.108551 
2366.000000	75.864028 
2364.000000	75.632858 
2362.000000	75.339889 
2360.000000	75.040435 
2358.000000	74.790191 
2356.000000	74.529266 
2354.000000	74.287033 
2352.000000	74.058151 
2350.000000	73.807525 
2348.000000	73.381042 
2346.000000	73.133468 
2344.000000	73.427581 
2342.000000	73.868942 
2340.000000	74.343490 
2338.000000	74.775314 
2336.000000	75.089645 
2334.000000	75.326538 
2332.000000	75.465011 
2330.000000	75.652694 
2328.000000	75.812149 
2326.000000	75.889205 
2324.000000	75.954437 
2322.000000	76.049041 
2320.000000	76.138687 
2318.000000	76.137924 
2316.000000	76.013565 
2314.000000	75.815200 
2312.000000	75.605773 
2310.000000	75.397872 
2308.000000	75.202941 
2306.000000	75.008773 
2304.000000	74.831771 
2302.000000	74.715042 
2300.000000	74.664306 
2298.000000	74.674987 
2296.000000	74.758148 
2294.000000	74.910736 
2292.000000	75.139999 
2290.000000	75.441360 
2288.000000	75.794219 
2286.000000	76.184082 
2284.000000	76.602172 
2282.000000	77.011871 
2280.000000	77.435684 
2278.000000	77.869033 
2276.000000	78.308868 
2274.000000	78.778839 
2272.000000	79.264068 
2270.000000	79.722595 
2268.000000	80.097198 
2266.000000	80.342102 
2264.000000	80.436325 
2262.000000	80.390930 
2260.000000	80.241775 
2258.000000	79.997634 
2256.000000	79.649353 
2254.000000	79.242324 
2252.000000	78.799819 
2250.000000	78.340911 
2248.000000	77.873229 
2246.000000	77.418136 
2244.000000	77.048492 
2242.000000	76.810836 
2240.000000	76.726531 
2238.000000	76.804733 
2236.000000	76.978302 
2234.000000	77.196121 
2232.000000	77.442550 
2230.000000	77.709960 
2228.000000	77.986526 
2226.000000	78.287887 
2224.000000	78.630828 
2222.000000	79.035949 
2220.000000	79.507827 
2218.000000	80.034255 
2216.000000	80.561447 
2214.000000	81.027221 
2212.000000	81.422424 
2210.000000	81.745147 
2208.000000	81.980514 
2206.000000	82.122039 
2204.000000	82.156753 
2202.000000	82.081604 
2200.000000	81.913757 
2198.000000	81.649017 
2196.000000	81.292343 
2194.000000	80.881881 
2192.000000	80.445861 
2190.000000	79.980850 
2188.000000	79.498672 
2186.000000	79.037475 
2184.000000	78.619384 
2182.000000	78.250885 
2180.000000	77.960968 
2178.000000	77.752304 
2176.000000	77.628707 
2174.000000	77.574539 
2172.000000	77.599716 
2170.000000	77.711486 
2168.000000	77.899932 
2166.000000	78.150939 
2164.000000	78.467178 
2162.000000	78.829193 
2160.000000	79.211425 
2158.000000	79.595565 
2156.000000	79.973220 
2154.000000	80.362701 
2152.000000	80.744552 
2150.000000	81.084442 
2148.000000	81.386184 
2146.000000	81.654357 
2144.000000	81.879043 
2142.000000	82.032775 
2140.000000	82.106399 
2138.000000	82.097244 
2136.000000	81.977462 
2134.000000	81.776809 
2132.000000	81.510925 
2130.000000	81.164169 
2128.000000	80.759429 
2126.000000	80.325698 
2124.000000	79.883575 
2122.000000	79.480361 
2120.000000	79.124832 
2118.000000	78.831481 
2116.000000	78.600311 
2114.000000	78.453445 
2112.000000	78.408050 
2110.000000	78.459167 
2108.000000	78.592681 
2106.000000	78.807830 
2104.000000	79.109573 
2102.000000	79.487609 
2100.000000	79.923629 
2098.000000	80.408859 
2096.000000	80.903625 
2094.000000	81.377029 
2092.000000	81.813049 
2090.000000	82.226562 
2088.000000	82.593917 
2086.000000	82.878112 
2084.000000	83.064651 
2082.000000	83.145141 
2080.000000	83.118438 
2078.000000	82.981109 
2076.000000	82.747268 
2074.000000	82.419204 
2072.000000	82.020950 
2070.000000	81.550216 
2068.000000	81.032180 
2066.000000	80.468750 
2064.000000	79.934692 
2062.000000	79.409790 
2060.000000	78.880310 
2058.000000	78.424453 
2056.000000	78.035354 
2054.000000	77.701950 
2052.000000	77.452087 
2050.000000	77.288818 
2048.000000	77.214813 
2046.000000	77.225112 
2044.000000	77.301406 
2042.000000	77.453613 
2040.000000	77.691650 
2038.000000	77.955245 
2036.000000	78.217697 
2034.000000	78.493118 
2032.000000	78.762054 
2030.000000	78.981018 
2028.000000	79.102706 
2026.000000	79.113388 
2024.000000	79.012680 
2022.000000	78.864288 
2020.000000	78.720474 
2018.000000	78.710556 
2016.000000	79.100036 
2014.000000	79.710769 
2012.000000	80.274200 
2010.000000	80.677413 
2008.000000	80.846786 
2006.000000	80.807876 
2004.000000	80.596542 
2002.000000	80.286788 
2000.000000	79.923248 
1998.000000	79.577636 
1996.000000	79.261779 
1994.000000	78.921508 
1992.000000	78.710556 
1990.000000	78.663635 
1988.000000	78.616714 
1986.000000	78.650665 
1984.000000	78.768920 
1982.000000	78.983306 
1980.000000	79.296112 
1978.000000	79.681777 
1976.000000	80.138015 
1974.000000	80.631637 
1972.000000	81.140136 
1970.000000	81.613922 
1968.000000	82.045745 
1966.000000	82.608032 
1964.000000	83.003616 
1962.000000	83.224105 
1960.000000	83.441543 
1958.000000	83.578109 
1956.000000	83.609390 
1954.000000	83.568572 
1952.000000	83.404159 
1950.000000	83.099365 
1948.000000	82.689666 
1946.000000	82.188796 
1944.000000	81.624603 
1942.000000	81.203460 
1940.000000	80.792999 
1938.000000	80.162048 
1936.000000	79.585647 
1934.000000	79.117584 
1932.000000	78.721618 
1930.000000	78.415298 
1928.000000	78.184509 
1926.000000	78.010559 
1924.000000	77.919387 
1922.000000	78.117752 
1920.000000	78.246688 
1918.000000	78.466415 
1916.000000	78.961181 
1914.000000	79.260635 
1912.000000	79.521942 
1910.000000	79.875946 
1908.000000	80.355453 
1906.000000	80.689620 
1904.000000	80.868530 
1902.000000	80.972290 
1900.000000	81.032943 
1898.000000	81.058120 
1896.000000	81.175994 
1894.000000	81.567382 
1892.000000	81.828308 
1890.000000	82.120132 
1888.000000	82.661437 
1886.000000	82.677078 
1884.000000	82.417297 
1882.000000	82.093048 
1880.000000	81.650924 
1878.000000	81.204605 
1876.000000	80.740737 
1874.000000	80.256271 
1872.000000	79.714584 
1870.000000	79.198837 
1868.000000	79.229736 
1866.000000	79.324340 
1864.000000	79.164505 
1862.000000	79.092788 
1860.000000	79.225158 
1858.000000	79.491424 
1856.000000	79.849624 
1854.000000	80.253982 
1852.000000	80.765151 
1850.000000	81.256866 
1848.000000	81.756591 
1846.000000	82.154464 
1844.000000	82.940673 
1842.000000	83.917999 
1840.000000	84.125137 
1838.000000	84.270095 
1836.000000	84.589004 
1834.000000	84.677124 
1832.000000	84.331893 
1830.000000	84.181594 
1828.000000	84.271621 
1826.000000	83.638763 
1824.000000	83.046340 
1822.000000	82.443237 
1820.000000	81.613922 
1818.000000	80.880737 
1816.000000	80.316543 
1814.000000	79.686737 
1812.000000	79.055786 
1810.000000	78.648376 
1808.000000	78.280639 
1806.000000	77.816772 
1804.000000	77.416610 
1802.000000	77.097702 
1800.000000	77.101898 
1798.000000	77.150726 
1796.000000	77.077865 
1794.000000	76.927185 
1792.000000	77.104568 
1790.000000	77.539825 
1788.000000	77.550888 
1786.000000	77.555847 
1784.000000	77.844238 
1782.000000	78.069686 
1780.000000	78.433227 
1778.000000	78.807830 
1776.000000	78.807449 
1774.000000	78.619003 
1772.000000	78.871536 
1770.000000	79.109954 
1768.000000	78.694534 
1766.000000	78.249740 
1764.000000	77.454376 
1762.000000	76.638031 
1760.000000	76.026535 
1758.000000	74.986648 
1756.000000	73.806762 
1754.000000	72.612762 
1752.000000	71.000671 
1750.000000	69.480514 
1748.000000	67.897033 
1746.000000	66.366577 
1744.000000	64.722824 
1742.000000	63.288879 
1740.000000	62.008285 
1738.000000	61.387252 
1736.000000	61.120986 
1734.000000	61.077117 
1732.000000	61.220169 
1730.000000	60.526657 
1728.000000	58.912658 
1726.000000	56.519699 
1724.000000	53.222656 
1722.000000	50.322341 
1720.000000	48.593521 
1718.000000	46.633148 
1716.000000	44.567108 
1714.000000	43.898773 
1712.000000	44.337081 
1710.000000	45.903396 
1708.000000	48.170089 
1706.000000	51.340866 
1704.000000	55.136871 
1702.000000	56.918716 
1700.000000	59.565353 
1698.000000	62.024688 
1696.000000	64.447021 
1694.000000	67.664718 
1692.000000	68.689727 
1690.000000	69.589233 
1688.000000	70.475006 
1686.000000	70.466232 
1684.000000	70.981216 
1682.000000	72.109985 
1680.000000	71.925354 
1678.000000	71.805572 
1676.000000	71.706390 
1674.000000	72.191238 
1672.000000	72.358703 
1670.000000	72.571945 
1668.000000	73.474121 
1666.000000	73.774337 
1664.000000	73.858261 
1662.000000	74.570846 
1660.000000	75.224304 
1658.000000	75.433349 
1656.000000	75.299453 
1654.000000	75.094604 
1652.000000	77.422332 
1650.000000	77.361679 
1648.000000	76.722717 
1646.000000	77.627182 
1644.000000	77.923202 
1642.000000	77.331542 
1640.000000	76.815795 
1638.000000	76.044845 
1636.000000	75.516891 
1634.000000	75.495910 
1632.000000	74.418258 
1630.000000	73.319244 
1628.000000	73.034667 
1626.000000	73.130035 
1624.000000	72.983932 
1622.000000	73.287200 
1620.000000	73.143386 
1618.000000	72.641754 
1616.000000	72.992324 
1614.000000	73.296737 
1612.000000	73.144912 
1610.000000	73.237609 
1608.000000	73.644638 
1606.000000	74.079132 
1604.000000	74.468612 
1602.000000	75.001144 
1600.000000	75.601196 
1598.000000	76.109313 
1596.000000	76.639556 
1594.000000	77.309799 
1592.000000	77.894592 
1590.000000	78.387069 
1588.000000	78.823852 
1586.000000	79.129028 
1584.000000	79.358291 
1582.000000	79.507064 
1580.000000	79.405975 
1578.000000	78.874588 
1576.000000	78.967285 
1574.000000	79.290771 
1572.000000	78.312683 
1570.000000	77.435684 
1568.000000	77.308273 
1566.000000	76.599121 
1564.000000	75.743103 
1562.000000	74.901962 
1560.000000	73.562622 
1558.000000	74.150466 
1556.000000	74.211502 
1554.000000	73.758697 
1552.000000	73.557662 
1550.000000	73.529052 
1548.000000	73.707962 
1546.000000	73.627471 
1544.000000	73.830413 
1542.000000	74.129104 
1540.000000	75.223922 
1538.000000	76.583862 
1536.000000	76.445770 
1534.000000	76.471710 
1532.000000	77.559280 
1530.000000	77.648544 
1528.000000	77.517318 
1526.000000	77.707290 
1524.000000	77.637100 
1522.000000	77.144622 
1520.000000	77.416610 
1518.000000	76.675415 
1516.000000	75.930786 
1514.000000	75.199890 
1512.000000	73.961257 
1510.000000	72.683715 
1508.000000	71.346664 
1506.000000	70.694351 
1504.000000	69.884109 
1502.000000	68.633651 
1500.000000	67.419815 
1498.000000	66.503906 
1496.000000	65.848922 
1494.000000	65.250778 
1492.000000	64.410400 
1490.000000	63.515090 
1488.000000	62.426757 
1486.000000	60.705566 
1484.000000	57.913589 
1482.000000	53.042984 
1480.000000	44.468688 
1478.000000	33.268356 
1476.000000	17.226791 
1474.000000	4.728698  
1472.000000	1.364135  
1470.000000	1.488494  
1468.000000	1.414871  
1466.000000	1.249694  
1464.000000	1.293945  
1462.000000	2.010726  
1460.000000	3.500747  
1458.000000	6.196975  
1456.000000	10.925292 
1454.000000	14.668655 
1452.000000	18.960571 
1450.000000	23.151779 
1448.000000	26.524353 
1446.000000	29.165267 
1444.000000	30.895233 
1442.000000	32.700347 
1440.000000	34.569168 
1438.000000	36.455154 
1436.000000	40.139770 
1434.000000	43.653869 
1432.000000	46.733474 
1430.000000	50.908660 
1428.000000	54.946136 
1426.000000	57.220840 
1424.000000	58.949279 
1422.000000	59.970474 
1420.000000	60.118103 
1418.000000	60.519790 
1416.000000	60.623931 
1414.000000	60.412597 
1412.000000	60.414505 
1410.000000	60.803222 
1408.000000	61.382293 
1406.000000	62.125015 
1404.000000	63.433837 
1402.000000	64.596557 
1400.000000	65.570068 
1398.000000	66.732025 
1396.000000	67.465209 
1394.000000	68.093490 
1392.000000	68.283843 
1390.000000	67.857360 
1388.000000	66.925048 
1386.000000	65.100097 
1384.000000	61.907196 
1382.000000	56.684875 
1380.000000	50.342941 
1378.000000	46.154022 
1376.000000	45.848846 
1374.000000	47.328186 
1372.000000	47.425842 
1370.000000	46.571731 
1368.000000	46.512603 
1366.000000	47.452926 
1364.000000	48.767471 
1362.000000	50.527191 
1360.000000	51.684570 
1358.000000	52.084732 
1356.000000	52.098464 
1354.000000	51.957321 
1352.000000	52.082061 
1350.000000	52.822494 
1348.000000	54.110717 
1346.000000	55.536651 
1344.000000	56.880950 
1342.000000	58.039093 
1340.000000	59.456253 
1338.000000	61.460494 
1336.000000	63.298416 
1334.000000	64.738464 
1332.000000	65.741729 
1330.000000	66.343688 
1328.000000	66.608047 
1326.000000	66.534805 
1324.000000	66.180419 
1322.000000	65.525054 
1320.000000	64.598846 
1318.000000	63.534164 
1316.000000	62.447738 
1314.000000	61.297988 
1312.000000	60.131454 
1310.000000	59.057998 
1308.000000	58.154296 
1306.000000	57.433700 
1304.000000	56.850433 
1302.000000	56.410217 
1300.000000	56.148910 
1298.000000	56.119537 
1296.000000	56.316757 
1294.000000	56.700134 
1292.000000	57.178115 
1290.000000	57.668304 
1288.000000	58.197021 
1286.000000	58.803939 
1284.000000	59.440231 
1282.000000	60.074234 
1280.000000	60.668563 
1278.000000	61.212921 
1276.000000	61.772155 
1274.000000	62.408828 
1272.000000	63.113403 
1270.000000	63.845443 
1268.000000	64.548492 
1266.000000	65.195465 
1264.000000	65.723419 
1262.000000	66.107177 
1260.000000	66.381454 
1258.000000	66.543197 
1256.000000	66.555023 
1254.000000	66.463088 
1252.000000	66.276550 
1250.000000	66.019821 
1248.000000	65.692138 
1246.000000	65.334320 
1244.000000	64.971542 
1242.000000	64.617919 
1240.000000	64.274597 
1238.000000	64.009857 
1236.000000	63.822937 
1234.000000	63.705444 
1232.000000	63.673019 
1230.000000	63.720703 
1228.000000	63.846969 
1226.000000	64.082336 
1224.000000	64.416885 
1222.000000	64.813232 
1220.000000	65.283966 
1218.000000	65.828704 
1216.000000	66.446685 
1214.000000	67.074584 
1212.000000	67.693328 
1210.000000	68.285751 
1208.000000	68.827819 
1206.000000	69.294738 
1204.000000	69.691085 
1202.000000	69.980239 
1200.000000	70.155334 
1198.000000	70.176315 
1196.000000	70.064926 
1194.000000	69.811248 
1192.000000	69.446182 
1190.000000	68.993377 
1188.000000	68.486404 
1186.000000	67.933654 
1184.000000	67.347335 
1182.000000	66.690063 
1180.000000	65.907669 
1178.000000	65.107727 
1176.000000	64.712524 
1174.000000	64.636993 
1172.000000	64.471435 
1170.000000	64.278411 
1168.000000	64.207458 
1166.000000	64.293670 
1164.000000	64.523315 
1162.000000	64.859390 
1160.000000	65.323257 
1158.000000	65.903854 
1156.000000	66.585540 
1154.000000	67.371368 
1152.000000	68.195724 
1150.000000	69.036483 
1148.000000	69.829559 
1146.000000	70.549011 
1144.000000	71.186828 
1142.000000	71.718215 
1140.000000	72.094345 
1138.000000	72.344970 
1136.000000	72.467803 
1134.000000	72.459793 
1132.000000	72.281646 
1130.000000	72.035598 
1128.000000	71.725082 
1126.000000	71.327209 
1124.000000	70.841217 
1122.000000	70.280456 
1120.000000	69.674301 
1118.000000	69.098281 
1116.000000	68.577957 
1114.000000	68.148040 
1112.000000	67.844390 
1110.000000	67.636489 
1108.000000	67.503356 
1106.000000	67.454528 
1104.000000	67.498016 
1102.000000	67.613983 
1100.000000	67.795181 
1098.000000	68.012619 
1096.000000	68.260192 
1094.000000	68.535995 
1092.000000	68.877410 
1090.000000	69.245529 
1088.000000	69.631576 
1086.000000	70.013046 
1084.000000	70.384216 
1082.000000	70.736312 
1080.000000	71.114349 
1078.000000	71.551513 
1076.000000	72.052001 
1074.000000	72.512054 
1072.000000	72.848892 
1070.000000	72.989273 
1068.000000	72.899246 
1066.000000	72.577285 
1064.000000	72.128677 
1062.000000	71.686935 
1060.000000	71.300888 
1058.000000	70.904541 
1056.000000	70.413970 
1054.000000	69.755172 
1052.000000	68.909072 
1050.000000	68.350219 
1048.000000	68.283081 
1046.000000	68.235397 
1044.000000	68.089294 
1042.000000	67.987060 
1040.000000	67.992782 
1038.000000	68.128204 
1036.000000	68.313980 
1034.000000	68.553924 
1032.000000	68.817901 
1030.000000	69.132614 
1028.000000	69.447708 
1026.000000	69.725418 
1024.000000	69.928359 
1022.000000	70.096588 
1020.000000	70.310974 
1018.000000	70.676422 
1016.000000	71.288681 
1014.000000	72.125625 
1012.000000	73.021697 
1010.000000	73.817062 
1008.000000	74.399948 
1006.000000	74.721908 
1004.000000	74.811553 
1002.000000	74.706649 
1000.000000	74.434661 
998.000000	 74.003601 
996.000000	 73.457336 
994.000000	 72.860717 
992.000000	 72.267913 
990.000000	 71.728515 
988.000000	 71.261978 
986.000000	 70.844650 
984.000000	 70.523452 
982.000000	 70.279312 
980.000000	 70.144271 
978.000000	 70.116043 
976.000000	 70.225524 
974.000000	 70.438766 
972.000000	 70.745849 
970.000000	 71.157073 
968.000000	 71.656799 
966.000000	 72.200393 
964.000000	 72.800827 
962.000000	 73.493957 
960.000000	 74.328231 
958.000000	 75.185775 
956.000000	 75.953674 
954.000000	 76.605606 
952.000000	 77.138900 
950.000000	 77.537536 
948.000000	 77.788162 
946.000000	 77.890777 
944.000000	 77.814483 
942.000000	 77.610778 
940.000000	 77.268218 
938.000000	 76.785659 
936.000000	 76.222610 
934.000000	 75.620269 
932.000000	 74.974441 
930.000000	 74.338912 
928.000000	 73.715972 
926.000000	 73.134994 
924.000000	 72.618103 
922.000000	 72.200775 
920.000000	 71.881484 
918.000000	 71.686172 
916.000000	 71.576690 
914.000000	 71.574020 
912.000000	 71.660995 
910.000000	 71.854782 
908.000000	 72.285079 
906.000000	 72.993469 
904.000000	 73.829269 
902.000000	 74.657440 
900.000000	 75.430679 
898.000000	 76.152801 
896.000000	 76.863861 
894.000000	 77.618408 
892.000000	 78.391647 
890.000000	 79.127120 
888.000000	 79.824066 
886.000000	 80.472564 
884.000000	 80.957412 
882.000000	 81.119918 
880.000000	 81.035995 
878.000000	 80.709457 
876.000000	 80.193328 
874.000000	 79.538726 
872.000000	 78.824234 
870.000000	 78.020095 
868.000000	 77.202987 
866.000000	 76.388931 
864.000000	 75.625991 
862.000000	 74.958419 
860.000000	 74.419784 
858.000000	 73.993682 
856.000000	 73.746490 
854.000000	 73.699569 
852.000000	 73.836135 
850.000000	 74.123764 
848.000000	 74.569702 
846.000000	 75.147247 
844.000000	 75.836944 
842.000000	 76.615524 
840.000000	 77.476119 
838.000000	 78.435134 
836.000000	 79.392242 
834.000000	 80.258941 
832.000000	 81.042098 
830.000000	 81.777954 
828.000000	 82.394790 
826.000000	 82.887268 
824.000000	 83.192062 
822.000000	 83.332824 
820.000000	 83.194351 
818.000000	 82.812500 
816.000000	 82.241439 
814.000000	 81.525039 
812.000000	 80.656051 
810.000000	 79.684448 
808.000000	 78.644561 
806.000000	 77.662658 
804.000000	 76.656341 
802.000000	 75.709533 
800.000000	 74.888610 
798.000000	 74.195098 
796.000000	 73.653030 
794.000000	 73.284530 
792.000000	 73.041915 
790.000000	 72.944641 
788.000000	 73.003768 
786.000000	 73.183059 
784.000000	 73.460388 
782.000000	 73.806762 
780.000000	 74.264144 
778.000000	 74.860000 
776.000000	 75.566101 
774.000000	 76.287460 
772.000000	 76.938247 
770.000000	 77.494812 
768.000000	 78.030014 
766.000000	 78.435134 
764.000000	 78.659820 
762.000000	 78.589630 
760.000000	 78.201293 
758.000000	 77.501296 
756.000000	 76.540756 
754.000000	 75.247955 
752.000000	 73.720932 
750.000000	 71.971130 
748.000000	 70.032119 
746.000000	 67.891311 
744.000000	 65.531921 
742.000000	 62.871551 
740.000000	 59.605026 
738.000000	 55.089187 
736.000000	 47.507095 
734.000000	 33.538818 
732.000000	 16.071319 
730.000000	 7.674407  
728.000000	 11.744308 
726.000000	 17.484664 
724.000000	 17.536544 
722.000000	 13.145065 
720.000000	 10.049438 
718.000000	 14.793777 
716.000000	 26.410675 
714.000000	 38.553237 
712.000000	 47.645950 
710.000000	 54.309463 
708.000000	 59.654235 
706.000000	 64.161300 
704.000000	 68.068313 
702.000000	 71.531677 
700.000000	 74.585723 
698.000000	 77.203369 
696.000000	 79.328918 
694.000000	 80.958938 
692.000000	 82.121276 
690.000000	 82.856369 
688.000000	 83.214187 
686.000000	 83.192062 
684.000000	 82.888793 
682.000000	 82.334899 
680.000000	 81.604385 
678.000000	 80.730438 
676.000000	 79.734420 
674.000000	 78.703308 
672.000000	 77.632141 
670.000000	 76.680755 
668.000000	 76.314163 
666.000000	 76.213073 
664.000000	 75.931930 
662.000000	 75.790786 
660.000000	 75.845336 
658.000000	 76.125335 
656.000000	 76.594543 
654.000000	 77.174377 
652.000000	 77.903366 
650.000000	 78.750991 
648.000000	 79.792404 
646.000000	 80.890274 
644.000000	 82.031250 
642.000000	 83.158874 
640.000000	 84.275817 
638.000000	 85.239028 
636.000000	 86.019897 
634.000000	 86.652755 
632.000000	 87.070846 
630.000000	 87.259292 
628.000000	 87.227249 
626.000000	 86.952972 
624.000000	 86.389541 
622.000000	 85.654830 
620.000000	 84.848403 
618.000000	 83.948898 
616.000000	 83.023452 
614.000000	 82.075500 
612.000000	 81.057739 
610.000000	 80.107879 
608.000000	 79.219436 
606.000000	 78.425979 
604.000000	 77.775573 
602.000000	 77.338027 
600.000000	 77.074050 
598.000000	 77.067565 
596.000000	 77.186965 
594.000000	 77.479934 
592.000000	 77.941894 
590.000000	 78.677368 
588.000000	 79.444122 
586.000000	 80.392837 
584.000000	 81.497955 
582.000000	 82.506179 
580.000000	 83.568191 
578.000000	 84.617233 
576.000000	 85.527038 
574.000000	 86.337661 
572.000000	 86.896133 
570.000000	 87.250137 
568.000000	 87.421417 
566.000000	 87.304687 
564.000000	 86.941146 
562.000000	 86.452102 
560.000000	 85.801315 
558.000000	 84.955596 
556.000000	 84.025573 
554.000000	 82.937240 
552.000000	 81.848144 
550.000000	 80.836105 
548.000000	 79.892349 
546.000000	 78.915405 
544.000000	 78.128814 
542.000000	 77.489089 
540.000000	 76.974868 
538.000000	 76.669311 
536.000000	 76.680374 
534.000000	 76.835632 
532.000000	 77.066802 
530.000000	 77.464294 
528.000000	 78.043746 
526.000000	 78.820800 
524.000000	 79.855346 
522.000000	 80.866241 
520.000000	 81.880950 
518.000000	 82.908248 
516.000000	 84.064865 
514.000000	 85.099792 
512.000000	 86.011886 
510.000000	 86.790847 
508.000000	 87.320709 
506.000000	 87.660217 
504.000000	 87.599945 
502.000000	 87.408828 
500.000000	 87.091445 
498.000000	 86.528396 
496.000000	 85.749053 
494.000000	 84.791946 
492.000000	 83.681488 
490.000000	 82.496261 
488.000000	 81.248855 
486.000000	 80.104827 
484.000000	 78.952407 
482.000000	 77.981567 
480.000000	 77.220153 
478.000000	 76.486968 
476.000000	 75.806045 
474.000000	 75.261688 
472.000000	 74.861526 
470.000000	 74.550247 
468.000000	 74.385070 
466.000000	 74.710083 
464.000000	 75.302124 
462.000000	 76.374435 
460.000000	 77.686691 
458.000000	 78.890228 
456.000000	 79.895019 
454.000000	 80.352783 
452.000000	 80.994415 
450.000000	 82.012176 
448.000000	 83.423614 
446.000000	 84.674453 
444.000000	 85.453033 
442.000000	 86.054611 
440.000000	 86.570739 
438.000000	 86.738204 
436.000000	 86.822891 
434.000000	 86.476135 
432.000000	 85.863494 
430.000000	 84.868240 
428.000000	 83.787155 
426.000000	 82.608413 
424.000000	 81.657409 
422.000000	 80.651473 
420.000000	 79.711914 
418.000000	 78.946685 
416.000000	 78.917694 
414.000000	 78.424835 
412.000000	 77.722930 
410.000000	 77.507781 
408.000000	 77.807998 
406.000000	 78.246688 
404.000000	 78.559112 
402.000000	 79.183959 
400.000000	 79.786682 
