6000.000000	8.830642  
5998.000000	8.767700  
5996.000000	8.771133  
5994.000000	8.781051  
5992.000000	8.834457  
5990.000000	8.849334  
5988.000000	8.771133  
5986.000000	8.734130  
5984.000000	8.761596  
5982.000000	8.784103  
5980.000000	8.782958  
5978.000000	8.834457  
5976.000000	8.836364  
5974.000000	8.834075  
5972.000000	8.850097  
5970.000000	8.810806  
5968.000000	8.826065  
5966.000000	8.893203  
5964.000000	8.845901  
5962.000000	8.772277  
5960.000000	8.747863  
5958.000000	8.757400  
5956.000000	8.773803  
5954.000000	8.817672  
5952.000000	8.844757  
5950.000000	8.790206  
5948.000000	8.730316  
5946.000000	8.763122  
5944.000000	8.869934  
5942.000000	8.921813  
5940.000000	8.877563  
5938.000000	8.810043  
5936.000000	8.735656  
5934.000000	8.810424  
5932.000000	8.877944  
5930.000000	8.826065  
5928.000000	8.818054  
5926.000000	8.794021  
5924.000000	8.707427  
5922.000000	8.674240  
5920.000000	8.750152  
5918.000000	8.859252  
5916.000000	8.894348  
5914.000000	8.847427  
5912.000000	8.756256  
5910.000000	8.741378  
5908.000000	8.832931  
5906.000000	8.832931  
5904.000000	8.803176  
5902.000000	8.782196  
5900.000000	8.773803  
5898.000000	8.796310  
5896.000000	8.796310  
5894.000000	8.824539  
5892.000000	8.863067  
5890.000000	8.872604  
5888.000000	8.783340  
5886.000000	8.724594  
5884.000000	8.789825  
5882.000000	8.842086  
5880.000000	8.784866  
5878.000000	8.726882  
5876.000000	8.771514  
5874.000000	8.802795  
5872.000000	8.840560  
5870.000000	8.884811  
5868.000000	8.830261  
5866.000000	8.791732  
5864.000000	8.821105  
5862.000000	8.836364  
5860.000000	8.835220  
5858.000000	8.797836  
5856.000000	8.698654  
5854.000000	8.701705  
5852.000000	8.763885  
5850.000000	8.790588  
5848.000000	8.802032  
5846.000000	8.833694  
5844.000000	8.833312  
5842.000000	8.783340  
5840.000000	8.782577  
5838.000000	8.889007  
5836.000000	8.905410  
5834.000000	8.861923  
5832.000000	8.847427  
5830.000000	8.805084  
5828.000000	8.757781  
5826.000000	8.754730  
5824.000000	8.764266  
5822.000000	8.815002  
5820.000000	8.892822  
5818.000000	8.919525  
5816.000000	8.903503  
5814.000000	8.843994  
5812.000000	8.772659  
5810.000000	8.781433  
5808.000000	8.874130  
5806.000000	8.927154  
5804.000000	8.887100  
5802.000000	8.798599  
5800.000000	8.740997  
5798.000000	8.729934  
5796.000000	8.785247  
5794.000000	8.818817  
5792.000000	8.834075  
5790.000000	8.869171  
5788.000000	8.819580  
5786.000000	8.753585  
5784.000000	8.751296  
5782.000000	8.841323  
5780.000000	8.855819  
5778.000000	8.810424  
5776.000000	8.845520  
5774.000000	8.829116  
5772.000000	8.826446  
5770.000000	8.883285  
5768.000000	8.870697  
5766.000000	8.806228  
5764.000000	8.831405  
5762.000000	8.858108  
5760.000000	8.847808  
5758.000000	8.831787  
5756.000000	8.815383  
5754.000000	8.857727  
5752.000000	8.859252  
5750.000000	8.785629  
5748.000000	8.800888  
5746.000000	8.885574  
5744.000000	8.898544  
5742.000000	8.810806  
5740.000000	8.801269  
5738.000000	8.865356  
5736.000000	8.861923  
5734.000000	8.824157  
5732.000000	8.824920  
5730.000000	8.831787  
5728.000000	8.801269  
5726.000000	8.777999  
5724.000000	8.800125  
5722.000000	8.813476  
5720.000000	8.848190  
5718.000000	8.892440  
5716.000000	8.876419  
5714.000000	8.872985  
5712.000000	8.894729  
5710.000000	8.897018  
5708.000000	8.874893  
5706.000000	8.848190  
5704.000000	8.837509  
5702.000000	8.827972  
5700.000000	8.860015  
5698.000000	8.864593  
5696.000000	8.833312  
5694.000000	8.812332  
5692.000000	8.860397  
5690.000000	8.877182  
5688.000000	8.827590  
5686.000000	8.818435  
5684.000000	8.874893  
5682.000000	8.866882  
5680.000000	8.824920  
5678.000000	8.825302  
5676.000000	8.889770  
5674.000000	8.951568  
5672.000000	8.907318  
5670.000000	8.865737  
5668.000000	8.903503  
5666.000000	8.879470  
5664.000000	8.853530  
5662.000000	8.872604  
5660.000000	8.856201  
5658.000000	8.814620  
5656.000000	8.816146  
5654.000000	8.873367  
5652.000000	8.878326  
5650.000000	8.874893  
5648.000000	8.946228  
5646.000000	8.950424  
5644.000000	8.876419  
5642.000000	8.846282  
5640.000000	8.910369  
5638.000000	8.935165  
5636.000000	8.876037  
5634.000000	8.876419  
5632.000000	8.907318  
5630.000000	8.936309  
5628.000000	8.925247  
5626.000000	8.884048  
5624.000000	8.872222  
5622.000000	8.853149  
5620.000000	8.870315  
5618.000000	8.929443  
5616.000000	8.950042  
5614.000000	8.927154  
5612.000000	8.911895  
5610.000000	8.893585  
5608.000000	8.850860  
5606.000000	8.838272  
5604.000000	8.819580  
5602.000000	8.835601  
5600.000000	8.873748  
5598.000000	8.859252  
5596.000000	8.846664  
5594.000000	8.843231  
5592.000000	8.861541  
5590.000000	8.910369  
5588.000000	8.913040  
5586.000000	8.883666  
5584.000000	8.833312  
5582.000000	8.824539  
5580.000000	8.860397  
5578.000000	8.844757  
5576.000000	8.833312  
5574.000000	8.805847  
5572.000000	8.777618  
5570.000000	8.856582  
5568.000000	8.890151  
5566.000000	8.863449  
5564.000000	8.880996  
5562.000000	8.897781  
5560.000000	8.916473  
5558.000000	8.887481  
5556.000000	8.873748  
5554.000000	8.892059  
5552.000000	8.928298  
5550.000000	8.895492  
5548.000000	8.855056  
5546.000000	8.865356  
5544.000000	8.935165  
5542.000000	8.978271  
5540.000000	8.878326  
5538.000000	8.800125  
5536.000000	8.866882  
5534.000000	8.940887  
5532.000000	8.942413  
5530.000000	8.913040  
5528.000000	8.918380  
5526.000000	8.908081  
5524.000000	8.818817  
5522.000000	8.800125  
5520.000000	8.841705  
5518.000000	8.800888  
5516.000000	8.947753  
5514.000000	9.100723  
5512.000000	8.996963  
5510.000000	8.736038  
5508.000000	8.814620  
5506.000000	9.010696  
5504.000000	9.036254  
5502.000000	9.015274  
5500.000000	8.953094  
5498.000000	8.900451  
5496.000000	8.602905  
5494.000000	8.536148  
5492.000000	8.915328  
5490.000000	9.001922  
5488.000000	9.073638  
5486.000000	9.178161  
5484.000000	9.068298  
5482.000000	8.900833  
5480.000000	8.732223  
5478.000000	8.304214  
5476.000000	8.475494  
5474.000000	9.209060  
5472.000000	9.143066  
5470.000000	8.846664  
5468.000000	8.914566  
5466.000000	8.935165  
5464.000000	8.700561  
5462.000000	8.651351  
5460.000000	8.946990  
5458.000000	8.987045  
5456.000000	9.002304  
5454.000000	8.954620  
5452.000000	8.663940  
5450.000000	8.546447  
5448.000000	8.557510  
5446.000000	8.715820  
5444.000000	8.835983  
5442.000000	8.927917  
5440.000000	9.278106  
5438.000000	8.935165  
5436.000000	8.663558  
5434.000000	8.997344  
5432.000000	8.696365  
5430.000000	8.479690  
5428.000000	9.085464  
5426.000000	9.241104  
5424.000000	9.020233  
5422.000000	8.990478  
5420.000000	8.968353  
5418.000000	8.673858  
5416.000000	8.195877  
5414.000000	8.400344  
5412.000000	8.866119  
5410.000000	9.350204  
5408.000000	9.419631  
5406.000000	9.028244  
5404.000000	8.929824  
5402.000000	9.014892  
5400.000000	8.815002  
5398.000000	8.510971  
5396.000000	8.454895  
5394.000000	8.920669  
5392.000000	9.363937  
5390.000000	9.043121  
5388.000000	8.541870  
5386.000000	8.800125  
5384.000000	9.309387  
5382.000000	9.145736  
5380.000000	8.589172  
5378.000000	8.415603  
5376.000000	8.957672  
5374.000000	9.408569  
5372.000000	9.350967  
5370.000000	9.065628  
5368.000000	8.830261  
5366.000000	8.683013  
5364.000000	8.859252  
5362.000000	9.107589  
5360.000000	9.056091  
5358.000000	8.752441  
5356.000000	8.300781  
5354.000000	8.633422  
5352.000000	9.249496  
5350.000000	9.088516  
5348.000000	8.666229  
5346.000000	8.432769  
5344.000000	9.170150  
5342.000000	9.167480  
5340.000000	8.528900  
5338.000000	8.982467  
5336.000000	9.428024  
5334.000000	9.159088  
5332.000000	8.974456  
5330.000000	8.703613  
5328.000000	8.739471  
5326.000000	9.197616  
5324.000000	9.189605  
5322.000000	8.985900  
5320.000000	8.864974  
5318.000000	8.812713  
5316.000000	8.900451  
5314.000000	8.994293  
5312.000000	8.905410  
5310.000000	8.621978  
5308.000000	8.741378  
5306.000000	9.041976  
5304.000000	8.958435  
5302.000000	8.872222  
5300.000000	8.972549  
5298.000000	9.043121  
5296.000000	8.919525  
5294.000000	8.653259  
5292.000000	8.450698  
5290.000000	8.851242  
5288.000000	9.056091  
5286.000000	8.923339  
5284.000000	8.956909  
5282.000000	8.915328  
5280.000000	8.995056  
5278.000000	9.032058  
5276.000000	8.909606  
5274.000000	8.860397  
5272.000000	8.726501  
5270.000000	8.670425  
5268.000000	8.658218  
5266.000000	8.486557  
5264.000000	8.713150  
5262.000000	9.186553  
5260.000000	9.312438  
5258.000000	8.871459  
5256.000000	8.633804  
5254.000000	9.054946  
5252.000000	8.949661  
5250.000000	8.497238  
5248.000000	8.715438  
5246.000000	8.932495  
5244.000000	9.183502  
5242.000000	9.217834  
5240.000000	8.945083  
5238.000000	8.855819  
5236.000000	8.764648  
5234.000000	8.702468  
5232.000000	8.839416  
5230.000000	8.923339  
5228.000000	8.604049  
5226.000000	8.651733  
5224.000000	9.133148  
5222.000000	9.088897  
5220.000000	8.859634  
5218.000000	8.920669  
5216.000000	8.981323  
5214.000000	8.914947  
5212.000000	8.701705  
5210.000000	8.361053  
5208.000000	8.449935  
5206.000000	9.133529  
5204.000000	9.402465  
5202.000000	9.126663  
5200.000000	8.765411  
5198.000000	8.708953  
5196.000000	8.993148  
5194.000000	9.025573  
5192.000000	8.829116  
5190.000000	8.795547  
5188.000000	8.817291  
5186.000000	8.832931  
5184.000000	9.007263  
5182.000000	8.990478  
5180.000000	8.928298  
5178.000000	8.904647  
5176.000000	8.932113  
5174.000000	8.894729  
5172.000000	8.863067  
5170.000000	8.981704  
5168.000000	8.975982  
5166.000000	8.824539  
5164.000000	8.856964  
5162.000000	8.933639  
5160.000000	8.863830  
5158.000000	8.809661  
5156.000000	8.909225  
5154.000000	8.957290  
5152.000000	8.903121  
5150.000000	8.905410  
5148.000000	8.869552  
5146.000000	8.832168  
5144.000000	8.847427  
5142.000000	8.913803  
5140.000000	8.971786  
5138.000000	8.921813  
5136.000000	8.846282  
5134.000000	8.833694  
5132.000000	8.896636  
5130.000000	8.913803  
5128.000000	8.876037  
5126.000000	8.861160  
5124.000000	8.867645  
5122.000000	8.828735  
5120.000000	8.849716  
5118.000000	8.919525  
5116.000000	8.915710  
5114.000000	8.888244  
5112.000000	8.879089  
5110.000000	8.892440  
5108.000000	8.905792  
5106.000000	8.882904  
5104.000000	8.866882  
5102.000000	8.906936  
5100.000000	8.915328  
5098.000000	8.875656  
5096.000000	8.872222  
5094.000000	8.910369  
5092.000000	8.933258  
5090.000000	8.912277  
5088.000000	8.882904  
5086.000000	8.888244  
5084.000000	8.897399  
5082.000000	8.871078  
5080.000000	8.866500  
5078.000000	8.879470  
5076.000000	8.885574  
5074.000000	8.894348  
5072.000000	8.923339  
5070.000000	8.933639  
5068.000000	8.908462  
5066.000000	8.904647  
5064.000000	8.901596  
5062.000000	8.879470  
5060.000000	8.856582  
5058.000000	8.871459  
5056.000000	8.859634  
5054.000000	8.823776  
5052.000000	8.853912  
5050.000000	8.887863  
5048.000000	8.893203  
5046.000000	8.871078  
5044.000000	8.834457  
5042.000000	8.841323  
5040.000000	8.854293  
5038.000000	8.850097  
5036.000000	8.868789  
5034.000000	8.871078  
5032.000000	8.860397  
5030.000000	8.869934  
5028.000000	8.853149  
5026.000000	8.824157  
5024.000000	8.826065  
5022.000000	8.865356  
5020.000000	8.895111  
5018.000000	8.887481  
5016.000000	8.911895  
5014.000000	8.926391  
5012.000000	8.901977  
5010.000000	8.912277  
5008.000000	8.902359  
5006.000000	8.893203  
5004.000000	8.910369  
5002.000000	8.902359  
5000.000000	8.901977  
4998.000000	8.901977  
4996.000000	8.897781  
4994.000000	8.888244  
4992.000000	8.876800  
4990.000000	8.874511  
4988.000000	8.885574  
4986.000000	8.896255  
4984.000000	8.896255  
4982.000000	8.916854  
4980.000000	8.946609  
4978.000000	8.943939  
4976.000000	8.904647  
4974.000000	8.876419  
4972.000000	8.900451  
4970.000000	8.901596  
4968.000000	8.897399  
4966.000000	8.911895  
4964.000000	8.901214  
4962.000000	8.889007  
4960.000000	8.891296  
4958.000000	8.911895  
4956.000000	8.922195  
4954.000000	8.919525  
4952.000000	8.916473  
4950.000000	8.905410  
4948.000000	8.909225  
4946.000000	8.915710  
4944.000000	8.897399  
4942.000000	8.883285  
4940.000000	8.903503  
4938.000000	8.926010  
4936.000000	8.904647  
4934.000000	8.864212  
4932.000000	8.877563  
4930.000000	8.882141  
4928.000000	8.862304  
4926.000000	8.855819  
4924.000000	8.884811  
4922.000000	8.909988  
4920.000000	8.914184  
4918.000000	8.930206  
4916.000000	8.934020  
4914.000000	8.906555  
4912.000000	8.887100  
4910.000000	8.882904  
4908.000000	8.914566  
4906.000000	8.906173  
4904.000000	8.886718  
4902.000000	8.896636  
4900.000000	8.886337  
4898.000000	8.906936  
4896.000000	8.942031  
4894.000000	8.931350  
4892.000000	8.919143  
4890.000000	8.949279  
4888.000000	8.982849  
4886.000000	8.953857  
4884.000000	8.945846  
4882.000000	8.953475  
4880.000000	8.921432  
4878.000000	8.905792  
4876.000000	8.902359  
4874.000000	8.909988  
4872.000000	8.931350  
4870.000000	8.943176  
4868.000000	8.957290  
4866.000000	8.957672  
4864.000000	8.939743  
4862.000000	8.941650  
4860.000000	8.960342  
4858.000000	8.974456  
4856.000000	8.964920  
4854.000000	8.963775  
4852.000000	8.958816  
4850.000000	8.940887  
4848.000000	8.922195  
4846.000000	8.933258  
4844.000000	8.935165  
4842.000000	8.938980  
4840.000000	8.944702  
4838.000000	8.931350  
4836.000000	8.940887  
4834.000000	8.970642  
4832.000000	8.965301  
4830.000000	8.948516  
4828.000000	8.959579  
4826.000000	8.961486  
4824.000000	8.975982  
4822.000000	8.975982  
4820.000000	8.946990  
4818.000000	8.931350  
4816.000000	8.943176  
4814.000000	8.949661  
4812.000000	8.974456  
4810.000000	9.005737  
4808.000000	8.992385  
4806.000000	8.977890  
4804.000000	8.974838  
4802.000000	8.978652  
4800.000000	8.963012  
4798.000000	8.933258  
4796.000000	8.959960  
4794.000000	8.986282  
4792.000000	8.981704  
4790.000000	8.954238  
4788.000000	8.949279  
4786.000000	8.975601  
4784.000000	8.994293  
4782.000000	9.003067  
4780.000000	9.026336  
4778.000000	9.018325  
4776.000000	9.007263  
4774.000000	9.016036  
4772.000000	9.035110  
4770.000000	9.032821  
4768.000000	9.007644  
4766.000000	8.992004  
4764.000000	8.994674  
4762.000000	9.015274  
4760.000000	9.025955  
4758.000000	8.994674  
4756.000000	8.983612  
4754.000000	9.014892  
4752.000000	9.034729  
4750.000000	9.031295  
4748.000000	8.993148  
4746.000000	8.966064  
4744.000000	8.965682  
4742.000000	8.978652  
4740.000000	9.013366  
4738.000000	9.030914  
4736.000000	9.026336  
4734.000000	9.017181  
4732.000000	9.015274  
4730.000000	8.998107  
4728.000000	8.964920  
4726.000000	8.968734  
4724.000000	8.986282  
4722.000000	8.987045  
4720.000000	8.987808  
4718.000000	8.979034  
4716.000000	8.966827  
4714.000000	8.982467  
4712.000000	9.005737  
4710.000000	9.004592  
4708.000000	9.001159  
4706.000000	9.010314  
4704.000000	9.016036  
4702.000000	9.021377  
4700.000000	9.025192  
4698.000000	9.002304  
4696.000000	8.990478  
4694.000000	9.015655  
4692.000000	9.019088  
4690.000000	9.029006  
4688.000000	9.045028  
4686.000000	9.048461  
4684.000000	9.038162  
4682.000000	9.014129  
4680.000000	9.026718  
4678.000000	9.038162  
4676.000000	9.045028  
4674.000000	9.031677  
4672.000000	9.010314  
4670.000000	9.022903  
4668.000000	9.051132  
4666.000000	9.056472  
4664.000000	9.066390  
4662.000000	9.061050  
4660.000000	9.041213  
4658.000000	9.036636  
4656.000000	9.038543  
4654.000000	9.064483  
4652.000000	9.078979  
4650.000000	9.047698  
4648.000000	9.037780  
4646.000000	9.049987  
4644.000000	9.033203  
4642.000000	9.045410  
4640.000000	9.070587  
4638.000000	9.064483  
4636.000000	9.048843  
4634.000000	9.062194  
4632.000000	9.071350  
4630.000000	9.061050  
4628.000000	9.055709  
4626.000000	9.053421  
4624.000000	9.049606  
4622.000000	9.042739  
4620.000000	9.029769  
4618.000000	9.036254  
4616.000000	9.047698  
4614.000000	9.050750  
4612.000000	9.059143  
4610.000000	9.063339  
4608.000000	9.048843  
4606.000000	9.046173  
4604.000000	9.041595  
4602.000000	9.035491  
4600.000000	9.047317  
4598.000000	9.043121  
4596.000000	9.032058  
4594.000000	9.042358  
4592.000000	9.057998  
4590.000000	9.079742  
4588.000000	9.091567  
4586.000000	9.049606  
4584.000000	9.046936  
4582.000000	9.080123  
4580.000000	9.077072  
4578.000000	9.064102  
4576.000000	9.048080  
4574.000000	9.057617  
4572.000000	9.086608  
4570.000000	9.087371  
4568.000000	9.074783  
4566.000000	9.072494  
4564.000000	9.083557  
4562.000000	9.101486  
4560.000000	9.119033  
4558.000000	9.104156  
4556.000000	9.086990  
4554.000000	9.102249  
4552.000000	9.102249  
4550.000000	9.094619  
4548.000000	9.095382  
4546.000000	9.103012  
4544.000000	9.112167  
4542.000000	9.111785  
4540.000000	9.103393  
4538.000000	9.109497  
4536.000000	9.104156  
4534.000000	9.099197  
4532.000000	9.113693  
4530.000000	9.115982  
4528.000000	9.106063  
4526.000000	9.077072  
4524.000000	9.085464  
4522.000000	9.113311  
4520.000000	9.111785  
4518.000000	9.105300  
4516.000000	9.082794  
4514.000000	9.056854  
4512.000000	9.082412  
4510.000000	9.110260  
4508.000000	9.082031  
4506.000000	9.054946  
4504.000000	9.057235  
4502.000000	9.077453  
4500.000000	9.098434  
4498.000000	9.077835  
4496.000000	9.072113  
4494.000000	9.078598  
4492.000000	9.048080  
4490.000000	9.043121  
4488.000000	9.057617  
4486.000000	9.045028  
4484.000000	9.059906  
4482.000000	9.088134  
4480.000000	9.089660  
4478.000000	9.074783  
4476.000000	9.080505  
4474.000000	9.085464  
4472.000000	9.089660  
4470.000000	9.106445  
4468.000000	9.106063  
4466.000000	9.093093  
4464.000000	9.060287  
4462.000000	9.050750  
4460.000000	9.068679  
4458.000000	9.074020  
4456.000000	9.087371  
4454.000000	9.115219  
4452.000000	9.133529  
4450.000000	9.137725  
4448.000000	9.127807  
4446.000000	9.102630  
4444.000000	9.095001  
4442.000000	9.101104  
4440.000000	9.119415  
4438.000000	9.135055  
4436.000000	9.111785  
4434.000000	9.081649  
4432.000000	9.072494  
4430.000000	9.090805  
4428.000000	9.099960  
4426.000000	9.090423  
4424.000000	9.088516  
4422.000000	9.091186  
4420.000000	9.080505  
4418.000000	9.073638  
4416.000000	9.072494  
4414.000000	9.075164  
4412.000000	9.071350  
4410.000000	9.072494  
4408.000000	9.076690  
4406.000000	9.058380  
4404.000000	9.043121  
4402.000000	9.041595  
4400.000000	9.053421  
4398.000000	9.050750  
4396.000000	9.034347  
4394.000000	9.029388  
4392.000000	9.032821  
4390.000000	9.053802  
4388.000000	9.058380  
4386.000000	9.032058  
4384.000000	9.023666  
4382.000000	9.045028  
4380.000000	9.069061  
4378.000000	9.074401  
4376.000000	9.064102  
4374.000000	9.064483  
4372.000000	9.074783  
4370.000000	9.065246  
4368.000000	9.049606  
4366.000000	9.046936  
4364.000000	9.051132  
4362.000000	9.040832  
4360.000000	9.043502  
4358.000000	9.064865  
4356.000000	9.063720  
4354.000000	9.043121  
4352.000000	9.031295  
4350.000000	9.012222  
4348.000000	9.017181  
4346.000000	9.048843  
4344.000000	9.064483  
4342.000000	9.058761  
4340.000000	9.056854  
4338.000000	9.065246  
4336.000000	9.077072  
4334.000000	9.084701  
4332.000000	9.078216  
4330.000000	9.067916  
4328.000000	9.062957  
4326.000000	9.054946  
4324.000000	9.054183  
4322.000000	9.067535  
4320.000000	9.066009  
4318.000000	9.059143  
4316.000000	9.073257  
4314.000000	9.070968  
4312.000000	9.049606  
4310.000000	9.051513  
4308.000000	9.051513  
4306.000000	9.031677  
4304.000000	9.018707  
4302.000000	9.031677  
4300.000000	9.035491  
4298.000000	9.041213  
4296.000000	9.043502  
4294.000000	9.041976  
4292.000000	9.029769  
4290.000000	9.020614  
4288.000000	9.024810  
4286.000000	9.019470  
4284.000000	9.014129  
4282.000000	9.028625  
4280.000000	9.022903  
4278.000000	9.007263  
4276.000000	9.007644  
4274.000000	8.997726  
4272.000000	8.994674  
4270.000000	9.000396  
4268.000000	9.000778  
4266.000000	9.025192  
4264.000000	9.055328  
4262.000000	9.042739  
4260.000000	9.016036  
4258.000000	9.012603  
4256.000000	9.009552  
4254.000000	8.998107  
4252.000000	9.002304  
4250.000000	9.010696  
4248.000000	9.015274  
4246.000000	9.026718  
4244.000000	9.017944  
4242.000000	8.998107  
4240.000000	9.004211  
4238.000000	9.025955  
4236.000000	9.032440  
4234.000000	9.036636  
4232.000000	9.029388  
4230.000000	9.028244  
4228.000000	9.041976  
4226.000000	9.045410  
4224.000000	9.049606  
4222.000000	9.061050  
4220.000000	9.078216  
4218.000000	9.083557  
4216.000000	9.064865  
4214.000000	9.040069  
4212.000000	9.036636  
4210.000000	9.052276  
4208.000000	9.041976  
4206.000000	9.021377  
4204.000000	9.049987  
4202.000000	9.081268  
4200.000000	9.064865  
4198.000000	9.037017  
4196.000000	9.019470  
4194.000000	9.032058  
4192.000000	9.046173  
4190.000000	9.042358  
4188.000000	9.023284  
4186.000000	9.016418  
4184.000000	9.024429  
4182.000000	9.025955  
4180.000000	9.009170  
4178.000000	9.001922  
4176.000000	9.008407  
4174.000000	9.004211  
4172.000000	9.000778  
4170.000000	9.010314  
4168.000000	9.025573  
4166.000000	9.018325  
4164.000000	9.003067  
4162.000000	9.002685  
4160.000000	9.000015  
4158.000000	8.988189  
4156.000000	8.994674  
4154.000000	9.008026  
4152.000000	9.012603  
4150.000000	9.008026  
4148.000000	8.999633  
4146.000000	9.008407  
4144.000000	9.022140  
4142.000000	9.028244  
4140.000000	9.031677  
4138.000000	9.018707  
4136.000000	9.000396  
4134.000000	9.014892  
4132.000000	9.054183  
4130.000000	9.049606  
4128.000000	9.029006  
4126.000000	9.033966  
4124.000000	9.038925  
4122.000000	9.043121  
4120.000000	9.057998  
4118.000000	9.060668  
4116.000000	9.058761  
4114.000000	9.057998  
4112.000000	9.041595  
4110.000000	9.031295  
4108.000000	9.015274  
4106.000000	9.038925  
4104.000000	9.089279  
4102.000000	9.104919  
4100.000000	9.109115  
4098.000000	9.094619  
4096.000000	9.072494  
4094.000000	9.062576  
4092.000000	9.058761  
4090.000000	9.055709  
4088.000000	9.064102  
4086.000000	9.083175  
4084.000000	9.068679  
4082.000000	9.039688  
4080.000000	9.038162  
4078.000000	9.061431  
4076.000000	9.048843  
4074.000000	9.028625  
4072.000000	9.027481  
4070.000000	9.036254  
4068.000000	9.035491  
4066.000000	9.044647  
4064.000000	9.037780  
4062.000000	9.012222  
4060.000000	9.031295  
4058.000000	9.043884  
4056.000000	9.041213  
4054.000000	9.055709  
4052.000000	9.071731  
4050.000000	9.060287  
4048.000000	9.005737  
4046.000000	8.975219  
4044.000000	9.065246  
4042.000000	9.101486  
4040.000000	9.056472  
4038.000000	9.022140  
4036.000000	9.032058  
4034.000000	9.059524  
4032.000000	9.078598  
4030.000000	9.072113  
4028.000000	9.051513  
4026.000000	9.059906  
4024.000000	9.107589  
4022.000000	9.076690  
4020.000000	9.068298  
4018.000000	9.109878  
4016.000000	9.114074  
4014.000000	9.115600  
4012.000000	9.106445  
4010.000000	9.082794  
4008.000000	9.155273  
4006.000000	9.202194  
4004.000000	9.166717  
4002.000000	9.148788  
4000.000000	9.141540  
3998.000000	9.080123  
3996.000000	9.051132  
3994.000000	9.110260  
3992.000000	9.100341  
3990.000000	9.171676  
3988.000000	9.188461  
3986.000000	9.120941  
3984.000000	9.082794  
3982.000000	9.112930  
3980.000000	9.138107  
3978.000000	9.053421  
3976.000000	9.016799  
3974.000000	9.111022  
3972.000000	9.148406  
3970.000000	9.143829  
3968.000000	9.179687  
3966.000000	9.101104  
3964.000000	8.969879  
3962.000000	9.063720  
3960.000000	9.159469  
3958.000000	9.116744  
3956.000000	9.104537  
3954.000000	9.024810  
3952.000000	8.837890  
3950.000000	8.847427  
3948.000000	9.264373  
3946.000000	9.172058  
3944.000000	8.900070  
3942.000000	9.366226  
3940.000000	9.462356  
3938.000000	9.229278  
3936.000000	8.897399  
3934.000000	8.544921  
3932.000000	8.958053  
3930.000000	9.508895  
3928.000000	9.270477  
3926.000000	8.800888  
3924.000000	9.229278  
3922.000000	9.225082  
3920.000000	8.867263  
3918.000000	9.054946  
3916.000000	9.697341  
3914.000000	9.680175  
3912.000000	9.314727  
3910.000000	9.083557  
3908.000000	8.440017  
3906.000000	7.828521  
3904.000000	8.393096  
3902.000000	9.248733  
3900.000000	9.832763  
3898.000000	10.307693 
3896.000000	9.615707  
3894.000000	8.477401  
3892.000000	8.826828  
3890.000000	9.805679  
3888.000000	8.747100  
3886.000000	8.687210  
3884.000000	9.430694  
3882.000000	8.884048  
3880.000000	9.819030  
3878.000000	9.915924  
3876.000000	8.585739  
3874.000000	8.611297  
3872.000000	8.419418  
3870.000000	9.148406  
3868.000000	9.968566  
3866.000000	8.795166  
3864.000000	9.292221  
3862.000000	10.066223 
3860.000000	9.655761  
3858.000000	8.425140  
3856.000000	7.009506  
3854.000000	7.693862  
3852.000000	11.335372 
3850.000000	11.265945 
3848.000000	9.909057  
3846.000000	8.760070  
3844.000000	8.405685  
3842.000000	8.319854  
3840.000000	8.208465  
3838.000000	9.300994  
3836.000000	10.175323 
3834.000000	9.786224  
3832.000000	9.711456  
3830.000000	9.622955  
3828.000000	9.014892  
3826.000000	9.185791  
3824.000000	8.257293  
3822.000000	7.834243  
3820.000000	9.975051  
3818.000000	9.355163  
3816.000000	9.692764  
3814.000000	10.621261 
3812.000000	9.729766  
3810.000000	8.610534  
3808.000000	8.235168  
3806.000000	9.324645  
3804.000000	8.490753  
3802.000000	8.552551  
3800.000000	10.252380 
3798.000000	9.756088  
3796.000000	9.946441  
3794.000000	10.063552 
3792.000000	9.523391  
3790.000000	9.267044  
3788.000000	8.998107  
3786.000000	8.924102  
3784.000000	9.371566  
3782.000000	8.965301  
3780.000000	8.972167  
3778.000000	9.877777  
3776.000000	9.777069  
3774.000000	9.134292  
3772.000000	8.394241  
3770.000000	8.918380  
3768.000000	9.521484  
3766.000000	9.457015  
3764.000000	9.747314  
3762.000000	8.806228  
3760.000000	8.583831  
3758.000000	9.416198  
3756.000000	9.216308  
3754.000000	7.818222  
3752.000000	7.534790  
3750.000000	9.786224  
3748.000000	9.903335  
3746.000000	8.524703  
3744.000000	10.118484 
3742.000000	10.697937 
3740.000000	9.216690  
3738.000000	7.845687  
3736.000000	8.151626  
3734.000000	9.985733  
3732.000000	10.913467 
3730.000000	10.248947 
3728.000000	9.015655  
3726.000000	8.970642  
3724.000000	9.304809  
3722.000000	9.717559  
3720.000000	9.869384  
3718.000000	9.764862  
3716.000000	9.017181  
3714.000000	7.837677  
3712.000000	8.242797  
3710.000000	10.293197 
3708.000000	10.630798 
3706.000000	9.773635  
3704.000000	8.841705  
3702.000000	9.138870  
3700.000000	9.941482  
3698.000000	9.593582  
3696.000000	9.244537  
3694.000000	8.642959  
3692.000000	7.798767  
3690.000000	8.495330  
3688.000000	10.588455 
3686.000000	10.679244 
3684.000000	9.759140  
3682.000000	8.997344  
3680.000000	8.472824  
3678.000000	7.556152  
3676.000000	8.409881  
3674.000000	10.562133 
3672.000000	9.129714  
3670.000000	9.577560  
3668.000000	11.035537 
3666.000000	10.322189 
3664.000000	9.561157  
3662.000000	9.278106  
3660.000000	8.952713  
3658.000000	8.435821  
3656.000000	9.292984  
3654.000000	9.238433  
3652.000000	7.350540  
3650.000000	7.671737  
3648.000000	10.632705 
3646.000000	11.410522 
3644.000000	10.232162 
3642.000000	9.519195  
3640.000000	9.394073  
3638.000000	9.250259  
3636.000000	9.018325  
3634.000000	8.934020  
3632.000000	8.216857  
3630.000000	7.741928  
3628.000000	10.342025 
3626.000000	10.844421 
3624.000000	9.584426  
3622.000000	8.376693  
3620.000000	8.366394  
3618.000000	9.667587  
3616.000000	9.478378  
3614.000000	9.171295  
3612.000000	9.485626  
3610.000000	9.092330  
3608.000000	9.583663  
3606.000000	10.092926 
3604.000000	9.425735  
3602.000000	8.912277  
3600.000000	9.178924  
3598.000000	9.218597  
3596.000000	9.100723  
3594.000000	9.589767  
3592.000000	9.487915  
3590.000000	8.420562  
3588.000000	8.657073  
3586.000000	10.235214 
3584.000000	10.092163 
3582.000000	9.471511  
3580.000000	9.299850  
3578.000000	9.312438  
3576.000000	9.332275  
3574.000000	9.389877  
3572.000000	9.115982  
3570.000000	8.245086  
3568.000000	8.184051  
3566.000000	9.923171  
3564.000000	10.291290 
3562.000000	9.712982  
3560.000000	9.561538  
3558.000000	9.525680  
3556.000000	9.228515  
3554.000000	8.961486  
3552.000000	9.331512  
3550.000000	9.347915  
3548.000000	8.883285  
3546.000000	9.191131  
3544.000000	9.771728  
3542.000000	9.734725  
3540.000000	9.361267  
3538.000000	9.133148  
3536.000000	9.326553  
3534.000000	9.407424  
3532.000000	9.086990  
3530.000000	8.922576  
3528.000000	9.104537  
3526.000000	9.255981  
3524.000000	9.358596  
3522.000000	9.582138  
3520.000000	9.474563  
3518.000000	9.336471  
3516.000000	9.294128  
3514.000000	9.182357  
3512.000000	9.028244  
3510.000000	9.159469  
3508.000000	9.396743  
3506.000000	9.077835  
3504.000000	8.978652  
3502.000000	9.439086  
3500.000000	9.493637  
3498.000000	9.236145  
3496.000000	9.255981  
3494.000000	9.325027  
3492.000000	9.247970  
3490.000000	9.167861  
3488.000000	9.237670  
3486.000000	9.305572  
3484.000000	9.149932  
3482.000000	9.198379  
3480.000000	9.412765  
3478.000000	9.348678  
3476.000000	9.241104  
3474.000000	9.301757  
3472.000000	9.325790  
3470.000000	9.262847  
3468.000000	9.228897  
3466.000000	9.251403  
3464.000000	9.223937  
3462.000000	9.266662  
3460.000000	9.340286  
3458.000000	9.321594  
3456.000000	9.309005  
3454.000000	9.319305  
3452.000000	9.302902  
3450.000000	9.130859  
3448.000000	9.104919  
3446.000000	9.393310  
3444.000000	9.369277  
3442.000000	9.354782  
3440.000000	9.360885  
3438.000000	9.302520  
3436.000000	9.279251  
3434.000000	9.253311  
3432.000000	9.245681  
3430.000000	9.270858  
3428.000000	9.285736  
3426.000000	9.271240  
3424.000000	9.169006  
3422.000000	9.148406  
3420.000000	9.318161  
3418.000000	9.381484  
3416.000000	9.287261  
3414.000000	9.252929  
3412.000000	9.264755  
3410.000000	9.255218  
3408.000000	9.245300  
3406.000000	9.212875  
3404.000000	9.192276  
3402.000000	9.205627  
3400.000000	9.186553  
3398.000000	9.193420  
3396.000000	9.230422  
3394.000000	9.188079  
3392.000000	9.264373  
3390.000000	9.308242  
3388.000000	9.246444  
3386.000000	9.202957  
3384.000000	9.269714  
3382.000000	9.289932  
3380.000000	9.231567  
3378.000000	9.207153  
3376.000000	9.226608  
3374.000000	9.248352  
3372.000000	9.244918  
3370.000000	9.207916  
3368.000000	9.204101  
3366.000000	9.255599  
3364.000000	9.289550  
3362.000000	9.279251  
3360.000000	9.279632  
3358.000000	9.268951  
3356.000000	9.281921  
3354.000000	9.302139  
3352.000000	9.283828  
3350.000000	9.275817  
3348.000000	9.281921  
3346.000000	9.283828  
3344.000000	9.271240  
3342.000000	9.256362  
3340.000000	9.239959  
3338.000000	9.229660  
3336.000000	9.279632  
3334.000000	9.324645  
3332.000000	9.301376  
3330.000000	9.257888  
3328.000000	9.227752  
3326.000000	9.231185  
3324.000000	9.252929  
3322.000000	9.273147  
3320.000000	9.269332  
3318.000000	9.268188  
3316.000000	9.250640  
3314.000000	9.222793  
3312.000000	9.212493  
3310.000000	9.209060  
3308.000000	9.245681  
3306.000000	9.253311  
3304.000000	9.236526  
3302.000000	9.240341  
3300.000000	9.216308  
3298.000000	9.204864  
3296.000000	9.207916  
3294.000000	9.175491  
3292.000000	9.191131  
3290.000000	9.228515  
3288.000000	9.247970  
3286.000000	9.235763  
3284.000000	9.225082  
3282.000000	9.229278  
3280.000000	9.217453  
3278.000000	9.192657  
3276.000000	9.186935  
3274.000000	9.220123  
3272.000000	9.251785  
3270.000000	9.254455  
3268.000000	9.249877  
3266.000000	9.241485  
3264.000000	9.258270  
3262.000000	9.257888  
3260.000000	9.244537  
3258.000000	9.242248  
3256.000000	9.243011  
3254.000000	9.281539  
3252.000000	9.313583  
3250.000000	9.283065  
3248.000000	9.223175  
3246.000000	9.209060  
3244.000000	9.284210  
3242.000000	9.312057  
3240.000000	9.284973  
3238.000000	9.271621  
3236.000000	9.264755  
3234.000000	9.239196  
3232.000000	9.242630  
3230.000000	9.261703  
3228.000000	9.280014  
3226.000000	9.293746  
3224.000000	9.284973  
3222.000000	9.261703  
3220.000000	9.268188  
3218.000000	9.280395  
3216.000000	9.232711  
3214.000000	9.250640  
3212.000000	9.271240  
3210.000000	9.246444  
3208.000000	9.255981  
3206.000000	9.256744  
3204.000000	9.261322  
3202.000000	9.239959  
3200.000000	9.200286  
3198.000000	9.233093  
3196.000000	9.293746  
3194.000000	9.275817  
3192.000000	9.247589  
3190.000000	9.243392  
3188.000000	9.230041  
3186.000000	9.233856  
3184.000000	9.259414  
3182.000000	9.249877  
3180.000000	9.214782  
3178.000000	9.253692  
3176.000000	9.291458  
3174.000000	9.269714  
3172.000000	9.261322  
3170.000000	9.255981  
3168.000000	9.251785  
3166.000000	9.257125  
3164.000000	9.273529  
3162.000000	9.276580  
3160.000000	9.264373  
3158.000000	9.260177  
3156.000000	9.255218  
3154.000000	9.249114  
3152.000000	9.266662  
3150.000000	9.292984  
3148.000000	9.299468  
3146.000000	9.299087  
3144.000000	9.302520  
3142.000000	9.297561  
3140.000000	9.280395  
3138.000000	9.278869  
3136.000000	9.276199  
3134.000000	9.286880  
3132.000000	9.341430  
3130.000000	9.333038  
3128.000000	9.296417  
3126.000000	9.291458  
3124.000000	9.273147  
3122.000000	9.287643  
3120.000000	9.283447  
3118.000000	9.270858  
3116.000000	9.298324  
3114.000000	9.340286  
3112.000000	9.328460  
3110.000000	9.313201  
3108.000000	9.330749  
3106.000000	9.336853  
3104.000000	9.294509  
3102.000000	9.279251  
3100.000000	9.317016  
3098.000000	9.310913  
3096.000000	9.322357  
3094.000000	9.370422  
3092.000000	9.342956  
3090.000000	9.304428  
3088.000000	9.302520  
3086.000000	9.301757  
3084.000000	9.276962  
3082.000000	9.257507  
3080.000000	9.278869  
3078.000000	9.328842  
3076.000000	9.342193  
3074.000000	9.321594  
3072.000000	9.309387  
3070.000000	9.276962  
3068.000000	9.252548  
3066.000000	9.297943  
3064.000000	9.363555  
3062.000000	9.366226  
3060.000000	9.325408  
3058.000000	9.298324  
3056.000000	9.340667  
3054.000000	9.381866  
3052.000000	9.356689  
3050.000000	9.344863  
3048.000000	9.371185  
3046.000000	9.365844  
3044.000000	9.338760  
3042.000000	9.346008  
3040.000000	9.366607  
3038.000000	9.366607  
3036.000000	9.342193  
3034.000000	9.331130  
3032.000000	9.363937  
3030.000000	9.429931  
3028.000000	9.415054  
3026.000000	9.376907  
3024.000000	9.376907  
3022.000000	9.382629  
3020.000000	9.383392  
3018.000000	9.371948  
3016.000000	9.374618  
3014.000000	9.397506  
3012.000000	9.451675  
3010.000000	9.487915  
3008.000000	9.460067  
3006.000000	9.415817  
3004.000000	9.436798  
3002.000000	9.442901  
3000.000000	9.422683  
2998.000000	9.411621  
2996.000000	9.395599  
2994.000000	9.396362  
2992.000000	9.413146  
2990.000000	9.406661  
2988.000000	9.412002  
2986.000000	9.418106  
2984.000000	9.394836  
2982.000000	9.380340  
2980.000000	9.390640  
2978.000000	9.394073  
2976.000000	9.384536  
2974.000000	9.392929  
2972.000000	9.417724  
2970.000000	9.424972  
2968.000000	9.409713  
2966.000000	9.400177  
2964.000000	9.409713  
2962.000000	9.414672  
2960.000000	9.419631  
2958.000000	9.425354  
2956.000000	9.426498  
2954.000000	9.428024  
2952.000000	9.430694  
2950.000000	9.431838  
2948.000000	9.421157  
2946.000000	9.410476  
2944.000000	9.392547  
2942.000000	9.396362  
2940.000000	9.415435  
2938.000000	9.429931  
2936.000000	9.442138  
2934.000000	9.460067  
2932.000000	9.460449  
2930.000000	9.445571  
2928.000000	9.457778  
2926.000000	9.494400  
2924.000000	9.532928  
2922.000000	9.576416  
2920.000000	9.603118  
2918.000000	9.595108  
2916.000000	9.574890  
2914.000000	9.571456  
2912.000000	9.567260  
2910.000000	9.555053  
2908.000000	9.554672  
2906.000000	9.560394  
2904.000000	9.548568  
2902.000000	9.536361  
2900.000000	9.544754  
2898.000000	9.547042  
2896.000000	9.540939  
2894.000000	9.542465  
2892.000000	9.555053  
2890.000000	9.557723  
2888.000000	9.555435  
2886.000000	9.552001  
2884.000000	9.546661  
2882.000000	9.545135  
2880.000000	9.549713  
2878.000000	9.548187  
2876.000000	9.532928  
2874.000000	9.512329  
2872.000000	9.498596  
2870.000000	9.487152  
2868.000000	9.469223  
2866.000000	9.450531  
2864.000000	9.460067  
2862.000000	9.507751  
2860.000000	9.558486  
2858.000000	9.585571  
2856.000000	9.596252  
2854.000000	9.605407  
2852.000000	9.600830  
2850.000000	9.592437  
2848.000000	9.590530  
2846.000000	9.595108  
2844.000000	9.589385  
2842.000000	9.581756  
2840.000000	9.570312  
2838.000000	9.573745  
2836.000000	9.585571  
2834.000000	9.590148  
2832.000000	9.597778  
2830.000000	9.611129  
2828.000000	9.616851  
2826.000000	9.612274  
2824.000000	9.614944  
2822.000000	9.630203  
2820.000000	9.636688  
2818.000000	9.632110  
2816.000000	9.629440  
2814.000000	9.621429  
2812.000000	9.615707  
2810.000000	9.616470  
2808.000000	9.624099  
2806.000000	9.638595  
2804.000000	9.646987  
2802.000000	9.639739  
2800.000000	9.625625  
2798.000000	9.624099  
2796.000000	9.636306  
2794.000000	9.643936  
2792.000000	9.644317  
2790.000000	9.638977  
2788.000000	9.634399  
2786.000000	9.637451  
2784.000000	9.645462  
2782.000000	9.653472  
2780.000000	9.651947  
2778.000000	9.651184  
2776.000000	9.643936  
2774.000000	9.637069  
2772.000000	9.640121  
2770.000000	9.636306  
2768.000000	9.638977  
2766.000000	9.645462  
2764.000000	9.640502  
2762.000000	9.627532  
2760.000000	9.627914  
2758.000000	9.640884  
2756.000000	9.645843  
2754.000000	9.642791  
2752.000000	9.635925  
2750.000000	9.627914  
2748.000000	9.634780  
2746.000000	9.650421  
2744.000000	9.646606  
2742.000000	9.642791  
2740.000000	9.644699  
2738.000000	9.651565  
2736.000000	9.664916  
2734.000000	9.665679  
2732.000000	9.667587  
2730.000000	9.676361  
2728.000000	9.674453  
2726.000000	9.677886  
2724.000000	9.690093  
2722.000000	9.692764  
2720.000000	9.687423  
2718.000000	9.682846  
2716.000000	9.685516  
2714.000000	9.693527  
2712.000000	9.693908  
2710.000000	9.682846  
2708.000000	9.687805  
2706.000000	9.706497  
2704.000000	9.708404  
2702.000000	9.703063  
2700.000000	9.704971  
2698.000000	9.714126  
2696.000000	9.724426  
2694.000000	9.731674  
2692.000000	9.733581  
2690.000000	9.726715  
2688.000000	9.724807  
2686.000000	9.719848  
2684.000000	9.716796  
2682.000000	9.715652  
2680.000000	9.719085  
2678.000000	9.713363  
2676.000000	9.708404  
2674.000000	9.708023  
2672.000000	9.711837  
2670.000000	9.711837  
2668.000000	9.713363  
2666.000000	9.706497  
2664.000000	9.695816  
2662.000000	9.697723  
2660.000000	9.704208  
2658.000000	9.706115  
2656.000000	9.702301  
2654.000000	9.698104  
2652.000000	9.704589  
2650.000000	9.707260  
2648.000000	9.703063  
2646.000000	9.703826  
2644.000000	9.708404  
2642.000000	9.712600  
2640.000000	9.714126  
2638.000000	9.711837  
2636.000000	9.712219  
2634.000000	9.713363  
2632.000000	9.709167  
2630.000000	9.712600  
2628.000000	9.711074  
2626.000000	9.701538  
2624.000000	9.704971  
2622.000000	9.711456  
2620.000000	9.714889  
2618.000000	9.715652  
2616.000000	9.721755  
2614.000000	9.736251  
2612.000000	9.749984  
2610.000000	9.759902  
2608.000000	9.754943  
2606.000000	9.753417  
2604.000000	9.750747  
2602.000000	9.751510  
2600.000000	9.752273  
2598.000000	9.752655  
2596.000000	9.750747  
2594.000000	9.746170  
2592.000000	9.751892  
2590.000000	9.767150  
2588.000000	9.778594  
2586.000000	9.773635  
2584.000000	9.757614  
2582.000000	9.751129  
2580.000000	9.754943  
2578.000000	9.749984  
2576.000000	9.748458  
2574.000000	9.762954  
2572.000000	9.767532  
2570.000000	9.760665  
2568.000000	9.765243  
2566.000000	9.763336  
2564.000000	9.756088  
2562.000000	9.751892  
2560.000000	9.757232  
2558.000000	9.758377  
2556.000000	9.753799  
2554.000000	9.744644  
2552.000000	9.749984  
2550.000000	9.758758  
2548.000000	9.746551  
2546.000000	9.738922  
2544.000000	9.754943  
2542.000000	9.763336  
2540.000000	9.749984  
2538.000000	9.738159  
2536.000000	9.745788  
2534.000000	9.755706  
2532.000000	9.757232  
2530.000000	9.754562  
2528.000000	9.757614  
2526.000000	9.754562  
2524.000000	9.749603  
2522.000000	9.763717  
2520.000000	9.771347  
2518.000000	9.759902  
2516.000000	9.753036  
2514.000000	9.766769  
2512.000000	9.776306  
2510.000000	9.770965  
2508.000000	9.760665  
2506.000000	9.765625  
2504.000000	9.773254  
2502.000000	9.774780  
2500.000000	9.776687  
2498.000000	9.789657  
2496.000000	9.793472  
2494.000000	9.789657  
2492.000000	9.787750  
2490.000000	9.791183  
2488.000000	9.798049  
2486.000000	9.803009  
2484.000000	9.800720  
2482.000000	9.803009  
2480.000000	9.805679  
2478.000000	9.802246  
2476.000000	9.806823  
2474.000000	9.802246  
2472.000000	9.789657  
2470.000000	9.791946  
2468.000000	9.797286  
2466.000000	9.791183  
2464.000000	9.787750  
2462.000000	9.789657  
2460.000000	9.811019  
2458.000000	9.816360  
2456.000000	9.798812  
2454.000000	9.794235  
2452.000000	9.807586  
2450.000000	9.808731  
2448.000000	9.810638  
2446.000000	9.805679  
2444.000000	9.798049  
2442.000000	9.799957  
2440.000000	9.804916  
2438.000000	9.797668  
2436.000000	9.792327  
2434.000000	9.790039  
2432.000000	9.791564  
2430.000000	9.798049  
2428.000000	9.803771  
2426.000000	9.799575  
2424.000000	9.797668  
2422.000000	9.807586  
2420.000000	9.822463  
2418.000000	9.823608  
2416.000000	9.817504  
2414.000000	9.824752  
2412.000000	9.834289  
2410.000000	9.837722  
2408.000000	9.834671  
2406.000000	9.837341  
2404.000000	9.832763  
2402.000000	9.839630  
2400.000000	9.846115  
2398.000000	9.851074  
2396.000000	9.855270  
2394.000000	9.853744  
2392.000000	9.846878  
2390.000000	9.838104  
2388.000000	9.809875  
2386.000000	9.750747  
2384.000000	9.652328  
2382.000000	9.539413  
2380.000000	9.434890  
2378.000000	9.363555  
2376.000000	9.320449  
2374.000000	9.312438  
2372.000000	9.348678  
2370.000000	9.401702  
2368.000000	9.493255  
2366.000000	9.638214  
2364.000000	9.840393  
2362.000000	10.012054 
2360.000000	10.160827 
2358.000000	10.407638 
2356.000000	10.669326 
2354.000000	10.863113 
2352.000000	11.035919 
2350.000000	10.625076 
2348.000000	9.603118  
2346.000000	9.173202  
2344.000000	9.641265  
2342.000000	9.946441  
2340.000000	10.066223 
2338.000000	10.152053 
2336.000000	10.204315 
2334.000000	10.153198 
2332.000000	10.115051 
2330.000000	10.227203 
2328.000000	10.320663 
2326.000000	10.276031 
2324.000000	10.233688 
2322.000000	10.286331 
2320.000000	10.351562 
2318.000000	10.343170 
2316.000000	10.238647 
2314.000000	10.155487 
2312.000000	10.156631 
2310.000000	10.178375 
2308.000000	10.177230 
2306.000000	10.158538 
2304.000000	10.123062 
2302.000000	10.083770 
2300.000000	10.058593 
2298.000000	10.046768 
2296.000000	10.040283 
2294.000000	10.033416 
2292.000000	10.020065 
2290.000000	10.012435 
2288.000000	10.013961 
2286.000000	10.025787 
2284.000000	10.013961 
2282.000000	9.978866  
2280.000000	9.961318  
2278.000000	9.959411  
2276.000000	9.967422  
2274.000000	9.983444  
2272.000000	9.987258  
2270.000000	9.981536  
2268.000000	9.994888  
2266.000000	10.008621 
2264.000000	9.998321  
2262.000000	9.998703  
2260.000000	10.012054 
2258.000000	10.007476 
2256.000000	10.009384 
2254.000000	10.024642 
2252.000000	10.025024 
2250.000000	10.023498 
2248.000000	10.028457 
2246.000000	10.024642 
2244.000000	10.022735 
2242.000000	10.023117 
2240.000000	10.026168 
2238.000000	10.020446 
2236.000000	10.019683 
2234.000000	10.026550 
2232.000000	10.037612 
2230.000000	10.041427 
2228.000000	10.035324 
2226.000000	10.025787 
2224.000000	10.030364 
2222.000000	10.036468 
2220.000000	10.044860 
2218.000000	10.048294 
2216.000000	10.046768 
2214.000000	10.046386 
2212.000000	10.058212 
2210.000000	10.065460 
2208.000000	10.062789 
2206.000000	10.071945 
2204.000000	10.083389 
2202.000000	10.085296 
2200.000000	10.089874 
2198.000000	10.098648 
2196.000000	10.091781 
2194.000000	10.081100 
2192.000000	10.079193 
2190.000000	10.083770 
2188.000000	10.095977 
2186.000000	10.116195 
2184.000000	10.110092 
2182.000000	10.113906 
2180.000000	10.121154 
2178.000000	10.118484 
2176.000000	10.124588 
2174.000000	10.131454 
2172.000000	10.131835 
2170.000000	10.129928 
2168.000000	10.128784 
2166.000000	10.137557 
2164.000000	10.142517 
2162.000000	10.146331 
2160.000000	10.159683 
2158.000000	10.175323 
2156.000000	10.182189 
2154.000000	10.186004 
2152.000000	10.188293 
2150.000000	10.179901 
2148.000000	10.167694 
2146.000000	10.164642 
2144.000000	10.176467 
2142.000000	10.183334 
2140.000000	10.187530 
2138.000000	10.184860 
2136.000000	10.191345 
2134.000000	10.191726 
2132.000000	10.194015 
2130.000000	10.210418 
2128.000000	10.217666 
2126.000000	10.209655 
2124.000000	10.208892 
2122.000000	10.209274 
2120.000000	10.212707 
2118.000000	10.219573 
2116.000000	10.226058 
2114.000000	10.236358 
2112.000000	10.244369 
2110.000000	10.247421 
2108.000000	10.255432 
2106.000000	10.260009 
2104.000000	10.268783 
2102.000000	10.277175 
2100.000000	10.280227 
2098.000000	10.280990 
2096.000000	10.285186 
2094.000000	10.285949 
2092.000000	10.267639 
2090.000000	10.282897 
2088.000000	10.311126 
2086.000000	10.309219 
2084.000000	10.300445 
2082.000000	10.306167 
2080.000000	10.316467 
2078.000000	10.330963 
2076.000000	10.329055 
2074.000000	10.329055 
2072.000000	10.342407 
2070.000000	10.347747 
2068.000000	10.307312 
2066.000000	10.300064 
2064.000000	10.389709 
2062.000000	10.387039 
2060.000000	10.363388 
2058.000000	10.377502 
2056.000000	10.374450 
2054.000000	10.378646 
2052.000000	10.381698 
2050.000000	10.383605 
2048.000000	10.381317 
2046.000000	10.385131 
2044.000000	10.363006 
2042.000000	10.374832 
2040.000000	10.440444 
2038.000000	10.432052 
2036.000000	10.413742 
2034.000000	10.411834 
2032.000000	10.406875 
2030.000000	10.396194 
2028.000000	10.401916 
2026.000000	10.416412 
2024.000000	10.420989 
2022.000000	10.400772 
2020.000000	10.332870 
2018.000000	10.342407 
2016.000000	10.514831 
2014.000000	10.506439 
2012.000000	10.450744 
2010.000000	10.453414 
2008.000000	10.470199 
2006.000000	10.482406 
2004.000000	10.473632 
2002.000000	10.457992 
2000.000000	10.456848 
1998.000000	10.497283 
1996.000000	10.453796 
1994.000000	10.298919 
1992.000000	10.444259 
1990.000000	10.628890 
1988.000000	10.585021 
1986.000000	10.559844 
1984.000000	10.522460 
1982.000000	10.519409 
1980.000000	10.530090 
1978.000000	10.528945 
1976.000000	10.526275 
1974.000000	10.541152 
1972.000000	10.553359 
1970.000000	10.445785 
1968.000000	10.407638 
1966.000000	10.675811 
1964.000000	10.665893 
1962.000000	10.565185 
1960.000000	10.569763 
1958.000000	10.562896 
1956.000000	10.559082 
1954.000000	10.622787 
1952.000000	10.630035 
1950.000000	10.593795 
1948.000000	10.548400 
1946.000000	10.480499 
1944.000000	10.416793 
1942.000000	10.748291 
1940.000000	10.891723 
1938.000000	10.688018 
1936.000000	10.630416 
1934.000000	10.630035 
1932.000000	10.648345 
1930.000000	10.649490 
1928.000000	10.652160 
1926.000000	10.512161 
1924.000000	10.409927 
1922.000000	10.747146 
1920.000000	10.541534 
1918.000000	10.667037 
1916.000000	10.981750 
1914.000000	10.746002 
1912.000000	10.539245 
1910.000000	10.565185 
1908.000000	10.806655 
1906.000000	10.797882 
1904.000000	10.738372 
1902.000000	10.742950 
1900.000000	10.740661 
1898.000000	10.634613 
1896.000000	10.627746 
1894.000000	10.805511 
1892.000000	10.595321 
1890.000000	10.596466 
1888.000000	10.993576 
1886.000000	10.858917 
1884.000000	10.774230 
1882.000000	10.786437 
1880.000000	10.753250 
1878.000000	10.774230 
1876.000000	10.783004 
1874.000000	10.746383 
1872.000000	10.385894 
1870.000000	10.154342 
1868.000000	11.016082 
1866.000000	11.347198 
1864.000000	11.003112 
1862.000000	10.805892 
1860.000000	10.820007 
1858.000000	10.863494 
1856.000000	10.885620 
1854.000000	10.840988 
1852.000000	10.834121 
1850.000000	10.697174 
1848.000000	10.580444 
1846.000000	10.328674 
1844.000000	10.959625 
1842.000000	11.588287 
1840.000000	11.050033 
1838.000000	10.824966 
1836.000000	10.992050 
1834.000000	10.858154 
1832.000000	10.343551 
1830.000000	10.696411 
1828.000000	11.219406 
1826.000000	10.892105 
1824.000000	11.211395 
1822.000000	11.223602 
1820.000000	10.936737 
1818.000000	10.903167 
1816.000000	11.028671 
1814.000000	10.798645 
1812.000000	10.689163 
1810.000000	11.048126 
1808.000000	11.187362 
1806.000000	11.007690 
1804.000000	10.738754 
1802.000000	10.632324 
1800.000000	11.119842 
1798.000000	11.186599 
1796.000000	10.847854 
1794.000000	10.404968 
1792.000000	11.086654 
1790.000000	11.839675 
1788.000000	11.243438 
1786.000000	10.867691 
1784.000000	11.026382 
1782.000000	10.912704 
1780.000000	11.130905 
1778.000000	11.195755 
1776.000000	10.655593 
1774.000000	10.170364 
1772.000000	11.069488 
1770.000000	11.700820 
1768.000000	11.528778 
1766.000000	11.425399 
1764.000000	10.721206 
1762.000000	10.928344 
1760.000000	11.378097 
1758.000000	10.981369 
1756.000000	11.379241 
1754.000000	10.921096 
1752.000000	10.280990 
1750.000000	10.922622 
1748.000000	11.539840 
1746.000000	11.453628 
1744.000000	11.123657 
1742.000000	11.037826 
1740.000000	11.082458 
1738.000000	11.350250 
1736.000000	10.095596 
1734.000000	10.784912 
1732.000000	12.192535 
1730.000000	11.693954 
1728.000000	11.593627 
1726.000000	11.157226 
1724.000000	11.050033 
1722.000000	10.974884 
1720.000000	10.036087 
1718.000000	10.048294 
1716.000000	11.898040 
1714.000000	12.153244 
1712.000000	11.616134 
1710.000000	11.107635 
1708.000000	10.598373 
1706.000000	10.803985 
1704.000000	11.234283 
1702.000000	9.992599  
1700.000000	11.010360 
1698.000000	11.447525 
1696.000000	11.756896 
1694.000000	12.458038 
1692.000000	11.294174 
1690.000000	10.872268 
1688.000000	10.848999 
1686.000000	9.725189  
1684.000000	11.161422 
1682.000000	12.620162 
1680.000000	11.713790 
1678.000000	11.071777 
1676.000000	10.673522 
1674.000000	11.470031 
1672.000000	10.810470 
1670.000000	10.916900 
1668.000000	12.241363 
1666.000000	11.487960 
1664.000000	10.675048 
1662.000000	11.464309 
1660.000000	11.676025 
1658.000000	10.972976 
1656.000000	9.719467  
1654.000000	9.294128  
1652.000000	13.140487 
1650.000000	11.559677 
1648.000000	10.230636 
1646.000000	12.193679 
1644.000000	12.243652 
1642.000000	11.384201 
1640.000000	10.881423 
1638.000000	10.048294 
1636.000000	10.892486 
1634.000000	12.688064 
1632.000000	11.779022 
1630.000000	10.953903 
1628.000000	11.063003 
1626.000000	11.113357 
1624.000000	10.918426 
1622.000000	11.804199 
1620.000000	11.198043 
1618.000000	10.378265 
1616.000000	11.769485 
1614.000000	12.023544 
1612.000000	11.272048 
1610.000000	11.146545 
1608.000000	11.434936 
1606.000000	11.508941 
1604.000000	11.406707 
1602.000000	11.500930 
1600.000000	11.563873 
1598.000000	11.405944 
1596.000000	11.376571 
1594.000000	11.535263 
1592.000000	11.569213 
1590.000000	11.555099 
1588.000000	11.599349 
1586.000000	11.542129 
1584.000000	11.550903 
1582.000000	11.530303 
1580.000000	11.260604 
1578.000000	10.488510 
1576.000000	11.652374 
1574.000000	12.480545 
1572.000000	11.210250 
1570.000000	11.124038 
1568.000000	12.243270 
1566.000000	11.736297 
1564.000000	11.521911 
1562.000000	10.466003 
1560.000000	9.067153  
1558.000000	13.232803 
1556.000000	12.876892 
1554.000000	12.228393 
1552.000000	11.812973 
1550.000000	11.779785 
1548.000000	11.725997 
1546.000000	10.831451 
1544.000000	10.567855 
1542.000000	10.344314 
1540.000000	12.248611 
1538.000000	13.555145 
1536.000000	11.724472 
1534.000000	11.212921 
1532.000000	12.453079 
1530.000000	11.673355 
1528.000000	11.077499 
1526.000000	11.405944 
1524.000000	11.170959 
1522.000000	11.085510 
1520.000000	12.506103 
1518.000000	11.748504 
1516.000000	12.293243 
1514.000000	12.212753 
1512.000000	11.441040 
1510.000000	10.654830 
1508.000000	10.063552 
1506.000000	13.680267 
1504.000000	13.343811 
1502.000000	11.904144 
1500.000000	11.153411 
1498.000000	11.214447 
1496.000000	12.395858 
1494.000000	12.430191 
1492.000000	11.402511 
1490.000000	11.770629 
1488.000000	12.957763 
1486.000000	12.979507 
1484.000000	12.388229 
1482.000000	12.112808 
1480.000000	12.237548 
1478.000000	11.734008 
1476.000000	11.530303 
1474.000000	11.474990 
1472.000000	13.013458 
1470.000000	13.196945 
1468.000000	12.104415 
1466.000000	11.697769 
1464.000000	12.610626 
1462.000000	12.356948 
1460.000000	11.032867 
1458.000000	10.942459 
1456.000000	13.508224 
1454.000000	13.232803 
1452.000000	12.488937 
1450.000000	12.213134 
1448.000000	12.488174 
1446.000000	12.856674 
1444.000000	12.579345 
1442.000000	12.433242 
1440.000000	12.059020 
1438.000000	11.596298 
1436.000000	12.794494 
1434.000000	12.968826 
1432.000000	12.310028 
1430.000000	12.435913 
1428.000000	12.743377 
1426.000000	12.231826 
1424.000000	12.350463 
1422.000000	12.203598 
1420.000000	11.696243 
1418.000000	12.992477 
1416.000000	13.119506 
1414.000000	12.596511 
1412.000000	12.384033 
1410.000000	12.463378 
1408.000000	12.281799 
1406.000000	12.134552 
1404.000000	12.601089 
1402.000000	12.415695 
1400.000000	12.053298 
1398.000000	12.374114 
1396.000000	12.425613 
1394.000000	12.940979 
1392.000000	12.888717 
1390.000000	12.207031 
1388.000000	12.086486 
1386.000000	12.538909 
1384.000000	12.429428 
1382.000000	12.346267 
1380.000000	12.451553 
1378.000000	12.488174 
1376.000000	12.257003 
1374.000000	12.744903 
1372.000000	13.050079 
1370.000000	12.746810 
1368.000000	12.845611 
1366.000000	12.706375 
1364.000000	12.382888 
1362.000000	13.019943 
1360.000000	13.253784 
1358.000000	12.995529 
1356.000000	12.897491 
1354.000000	12.988281 
1352.000000	12.981414 
1350.000000	12.960052 
1348.000000	13.024139 
1346.000000	13.042831 
1344.000000	12.971115 
1342.000000	12.707138 
1340.000000	12.822341 
1338.000000	13.380432 
1336.000000	13.414764 
1334.000000	13.239669 
1332.000000	13.154983 
1330.000000	13.142013 
1328.000000	13.148498 
1326.000000	13.151550 
1324.000000	13.156890 
1322.000000	13.075637 
1320.000000	13.058090 
1318.000000	13.217544 
1316.000000	13.235473 
1314.000000	13.185501 
1312.000000	13.301467 
1310.000000	13.285064 
1308.000000	13.263320 
1306.000000	13.288116 
1304.000000	13.294601 
1302.000000	13.295364 
1300.000000	13.293075 
1298.000000	13.283920 
1296.000000	13.322067 
1294.000000	13.347625 
1292.000000	13.335800 
1290.000000	13.318634 
1288.000000	13.350296 
1286.000000	13.389205 
1284.000000	13.365554 
1282.000000	13.348007 
1280.000000	13.369369 
1278.000000	13.382339 
1276.000000	13.364028 
1274.000000	13.335418 
1272.000000	13.348007 
1270.000000	13.393783 
1268.000000	13.381195 
1266.000000	13.363265 
1264.000000	13.344573 
1262.000000	13.320541 
1260.000000	13.352966 
1258.000000	13.354873 
1256.000000	13.302230 
1254.000000	13.280487 
1252.000000	13.238525 
1250.000000	13.199615 
1248.000000	13.153839 
1246.000000	13.110351 
1244.000000	13.062667 
1242.000000	13.016891 
1240.000000	12.949752 
1238.000000	12.902832 
1236.000000	12.841415 
1234.000000	12.771606 
1232.000000	12.711715 
1230.000000	12.667465 
1228.000000	12.614059 
1226.000000	12.543869 
1224.000000	12.470245 
1222.000000	12.397384 
1220.000000	12.327957 
1218.000000	12.262725 
1216.000000	12.188339 
1214.000000	12.097549 
1212.000000	12.037658 
1210.000000	11.975479 
1208.000000	11.917877 
1206.000000	11.853408 
1204.000000	11.787033 
1202.000000	11.717987 
1200.000000	11.650848 
1198.000000	11.574935 
1196.000000	11.503601 
1194.000000	11.437606 
1192.000000	11.378860 
1190.000000	11.301040 
1188.000000	11.231613 
1186.000000	11.174011 
1184.000000	11.103820 
1182.000000	11.032104 
1180.000000	10.982513 
1178.000000	10.925292 
1176.000000	10.869598 
1174.000000	10.829925 
1172.000000	10.785675 
1170.000000	10.746002 
1168.000000	10.719680 
1166.000000	10.694885 
1164.000000	10.693359 
1162.000000	10.721969 
1160.000000	10.749053 
1158.000000	10.766983 
1156.000000	10.749053 
1154.000000	10.727691 
1152.000000	10.688400 
1150.000000	10.630416 
1148.000000	10.573196 
1146.000000	10.538864 
1144.000000	10.502243 
1142.000000	10.460662 
1140.000000	10.406112 
1138.000000	10.348129 
1136.000000	10.296249 
1134.000000	10.260391 
1132.000000	10.213470 
1130.000000	10.174179 
1128.000000	10.132217 
1126.000000	10.073852 
1124.000000	10.011672 
1122.000000	9.965515  
1120.000000	9.909057  
1118.000000	9.842681  
1116.000000	9.783172  
1114.000000	9.739303  
1112.000000	9.699630  
1110.000000	9.650039  
1108.000000	9.596252  
1106.000000	9.555053  
1104.000000	9.529876  
1102.000000	9.496688  
1100.000000	9.473800  
1098.000000	9.459686  
1096.000000	9.446716  
1094.000000	9.437179  
1092.000000	9.453964  
1090.000000	9.463119  
1088.000000	9.478378  
1086.000000	9.504699  
1084.000000	9.551620  
1082.000000	9.608840  
1080.000000	9.685897  
1078.000000	9.780883  
1076.000000	9.893035  
1074.000000	10.019302 
1072.000000	10.158920 
1070.000000	10.314941 
1068.000000	10.505676 
1066.000000	10.707092 
1064.000000	10.886383 
1062.000000	11.059188 
1060.000000	11.255264 
1058.000000	11.455917 
1056.000000	11.614608 
1054.000000	11.752319 
1052.000000	11.943054 
1050.000000	12.225723 
1048.000000	12.498855 
1046.000000	12.681579 
1044.000000	12.781906 
1042.000000	12.884140 
1040.000000	12.993240 
1038.000000	13.121795 
1036.000000	13.245010 
1034.000000	13.359069 
1032.000000	13.454818 
1030.000000	13.560867 
1028.000000	13.661575 
1026.000000	13.758087 
1024.000000	13.839721 
1022.000000	13.911819 
1020.000000	13.984680 
1018.000000	14.040374 
1016.000000	14.076614 
1014.000000	14.119338 
1012.000000	14.160156 
1010.000000	14.191436 
1008.000000	14.204406 
1006.000000	14.205551 
1004.000000	14.196014 
1002.000000	14.174270 
1000.000000	14.149856 
998.000000	 14.126968 
996.000000	 14.099502 
994.000000	 14.055252 
992.000000	 13.993835 
990.000000	 13.938140 
988.000000	 13.881683 
986.000000	 13.810348 
984.000000	 13.738632 
982.000000	 13.634109 
980.000000	 13.510131 
978.000000	 13.390350 
976.000000	 13.279342 
974.000000	 13.135528 
972.000000	 12.976455 
970.000000	 12.814331 
968.000000	 12.645339 
966.000000	 12.442398 
964.000000	 12.186431 
962.000000	 11.891555 
960.000000	 11.572647 
958.000000	 11.227035 
956.000000	 10.891723 
954.000000	 10.578918 
952.000000	 10.298538 
950.000000	 10.073089 
948.000000	 9.914016  
946.000000	 9.807205  
944.000000	 9.731674  
942.000000	 9.687423  
940.000000	 9.652709  
938.000000	 9.637832  
936.000000	 9.629440  
934.000000	 9.631347  
932.000000	 9.642791  
930.000000	 9.648513  
928.000000	 9.652709  
926.000000	 9.675598  
924.000000	 9.683227  
922.000000	 9.674835  
920.000000	 9.663391  
918.000000	 9.646224  
916.000000	 9.610366  
914.000000	 9.563827  
912.000000	 9.508895  
910.000000	 9.458160  
908.000000	 9.396362  
906.000000	 9.325790  
904.000000	 9.258651  
902.000000	 9.217453  
900.000000	 9.189605  
898.000000	 9.156417  
896.000000	 9.116744  
894.000000	 9.062194  
892.000000	 9.014511  
890.000000	 8.990478  
888.000000	 8.950424  
886.000000	 8.901596  
884.000000	 8.872222  
882.000000	 8.843231  
880.000000	 8.847808  
878.000000	 8.853912  
876.000000	 8.849334  
874.000000	 8.827590  
872.000000	 8.815765  
870.000000	 8.801269  
868.000000	 8.798217  
866.000000	 8.782577  
864.000000	 8.747482  
862.000000	 8.703613  
860.000000	 8.680725  
858.000000	 8.678817  
856.000000	 8.681488  
854.000000	 8.689117  
852.000000	 8.678436  
850.000000	 8.664703  
848.000000	 8.651351  
846.000000	 8.646011  
844.000000	 8.655929  
842.000000	 8.662796  
840.000000	 8.644104  
838.000000	 8.612060  
836.000000	 8.597183  
834.000000	 8.585357  
832.000000	 8.559799  
830.000000	 8.553695  
828.000000	 8.577346  
826.000000	 8.667755  
824.000000	 8.789062  
822.000000	 8.848953  
820.000000	 8.842849  
818.000000	 8.816528  
816.000000	 8.786392  
814.000000	 8.832168  
812.000000	 8.881378  
810.000000	 8.874893  
808.000000	 8.895111  
806.000000	 8.934020  
804.000000	 8.956527  
802.000000	 8.976364  
800.000000	 8.987426  
798.000000	 8.987808  
796.000000	 9.001922  
794.000000	 9.023666  
792.000000	 9.061050  
790.000000	 9.096527  
788.000000	 9.109878  
786.000000	 9.107971  
784.000000	 9.108734  
782.000000	 9.120941  
780.000000	 9.136199  
778.000000	 9.147644  
776.000000	 9.197616  
774.000000	 9.238052  
772.000000	 9.242630  
770.000000	 9.279632  
768.000000	 9.367752  
766.000000	 9.416580  
764.000000	 9.452056  
762.000000	 9.494400  
760.000000	 9.514999  
758.000000	 9.532546  
756.000000	 9.577178  
754.000000	 9.626388  
752.000000	 9.663009  
750.000000	 9.696578  
748.000000	 9.735107  
746.000000	 9.756469  
744.000000	 9.770584  
742.000000	 9.796524  
740.000000	 9.850692  
738.000000	 9.891510  
736.000000	 9.918975  
734.000000	 9.951782  
732.000000	 9.976196  
730.000000	 10.024261 
728.000000	 10.061264 
726.000000	 10.084533 
724.000000	 10.112762 
722.000000	 10.132980 
720.000000	 10.172271 
718.000000	 10.236740 
716.000000	 10.287094 
714.000000	 10.308074 
712.000000	 10.349655 
710.000000	 10.388565 
708.000000	 10.393142 
706.000000	 10.435485 
704.000000	 10.465240 
702.000000	 10.462188 
700.000000	 10.450744 
698.000000	 10.483169 
696.000000	 10.497283 
694.000000	 10.540390 
692.000000	 10.596084 
690.000000	 10.621643 
688.000000	 10.713958 
686.000000	 10.840988 
684.000000	 10.881042 
682.000000	 10.887145 
680.000000	 10.937118 
678.000000	 10.949325 
676.000000	 10.974121 
674.000000	 11.076354 
672.000000	 11.017227 
670.000000	 10.708618 
668.000000	 11.317825 
666.000000	 11.613082 
664.000000	 11.300659 
662.000000	 11.250305 
660.000000	 11.265182 
658.000000	 11.315917 
656.000000	 11.349487 
654.000000	 11.391830 
652.000000	 11.458969 
650.000000	 11.516189 
648.000000	 11.563873 
646.000000	 11.618423 
644.000000	 11.655044 
642.000000	 11.653900 
640.000000	 11.706542 
638.000000	 11.760330 
636.000000	 11.796569 
634.000000	 11.860275 
632.000000	 11.894226 
630.000000	 11.914825 
628.000000	 11.894226 
626.000000	 11.890792 
624.000000	 11.956405 
622.000000	 11.996841 
620.000000	 12.016677 
618.000000	 12.028503 
616.000000	 12.097549 
614.000000	 12.162017 
612.000000	 12.176132 
610.000000	 12.202072 
608.000000	 12.247085 
606.000000	 12.297058 
604.000000	 12.361907 
602.000000	 12.413787 
600.000000	 12.479019 
598.000000	 12.506484 
596.000000	 12.499237 
594.000000	 12.532043 
592.000000	 12.624740 
590.000000	 12.690353 
588.000000	 12.692260 
586.000000	 12.698364 
584.000000	 12.686538 
582.000000	 12.660217 
580.000000	 12.714004 
578.000000	 12.802505 
576.000000	 12.895202 
574.000000	 12.943267 
572.000000	 12.874603 
570.000000	 12.832641 
568.000000	 12.864303 
566.000000	 12.882614 
564.000000	 12.872695 
562.000000	 12.885284 
560.000000	 12.908935 
558.000000	 12.965774 
556.000000	 13.072204 
554.000000	 13.085556 
552.000000	 13.022994 
550.000000	 13.035583 
548.000000	 13.105773 
546.000000	 13.173294 
544.000000	 13.177108 
542.000000	 13.165283 
540.000000	 13.155746 
538.000000	 13.127136 
536.000000	 13.171005 
534.000000	 13.162231 
532.000000	 13.061141 
530.000000	 12.926101 
528.000000	 12.809753 
526.000000	 12.825393 
524.000000	 12.820053 
522.000000	 12.653350 
520.000000	 12.547302 
518.000000	 12.580108 
516.000000	 12.703323 
514.000000	 12.678527 
512.000000	 12.531661 
510.000000	 12.500762 
508.000000	 12.510681 
506.000000	 12.553405 
504.000000	 12.514114 
502.000000	 12.607192 
500.000000	 12.743377 
498.000000	 12.709045 
496.000000	 12.678527 
494.000000	 12.579345 
492.000000	 12.566757 
490.000000	 12.613677 
488.000000	 12.523651 
486.000000	 12.338638 
484.000000	 12.134170 
482.000000	 11.989212 
480.000000	 11.859130 
478.000000	 11.744308 
476.000000	 11.577606 
474.000000	 11.404037 
472.000000	 11.442947 
470.000000	 11.437988 
468.000000	 11.271286 
466.000000	 11.175537 
464.000000	 11.161422 
462.000000	 11.268615 
460.000000	 11.286544 
458.000000	 11.310195 
456.000000	 11.439132 
454.000000	 11.403274 
452.000000	 11.637496 
450.000000	 12.045669 
448.000000	 12.491607 
446.000000	 12.632751 
444.000000	 12.485504 
442.000000	 12.755203 
440.000000	 12.934494 
438.000000	 12.722778 
436.000000	 12.865829 
434.000000	 13.225555 
432.000000	 13.552856 
430.000000	 13.630294 
428.000000	 13.652420 
426.000000	 13.748931 
424.000000	 13.906478 
422.000000	 13.862228 
420.000000	 13.650894 
418.000000	 14.115905 
416.000000	 14.110183 
414.000000	 14.085769 
412.000000	 14.447021 
410.000000	 14.591217 
408.000000	 14.488220 
406.000000	 14.114379 
404.000000	 13.981628 
402.000000	 13.816833 
400.000000	 13.120269 
